<built-in function round> Gamma FKXIwHxxdLBxzbsZB
Кажется эт правда Gamma uxlZknaswpXWvzKHb
Кажется эт правда Gamma juiPBlIaRKLwwTHjv
Кажется эт правда Gamma VlThmOCDfrlOehmwy
Кажется эт правда Gamma nBILVCbyeVIPHconm
Кажется эт правда Gamma vrySYiyHyDNlTckZn
Кажется эт правда Gamma CLjDWMdbOiYCNdpXK
Кажется эт правда Gamma nCdaAsVnUVwMuOtti
<built-in function round> <built-in function iter> Permutation [0, 2, 1, 3, 4]
<built-in function round> <built-in function iter> Permutation [0, 2, 3, 4, 1]
<built-in function round> <built-in function iter> Permutation [4, 0, 1, 2, 3]
<built-in function round> <built-in function iter> Permutation [4, 2, 1, 3, 0]
<built-in function round> <built-in function iter> Sub lHoe
<built-in function round> <built-in function iter> Sub oHle
<built-in function round> <built-in function iter> Sub Hoel
<built-in function round> <built-in function iter> Sub Helo
1 1 Permutation [142, 202, 166, 225, 232, 67, 84, 34, 16, 129, 240, 155, 189, 201, 127, 162, 37, 154, 131, 180, 228, 10, 57, 191, 128, 208, 245, 254, 170, 13, 48, 134, 147, 89, 118, 247, 54, 241, 90, 73, 198, 17, 252, 58, 105, 35, 49, 74, 60, 159, 161, 11, 19, 168, 144, 77, 132, 112, 205, 114, 106, 195, 145, 40, 100, 72, 133, 209, 95, 80, 21, 52, 62, 223, 91, 4, 92, 211, 138, 139, 181, 20, 224, 53, 94, 6, 29, 190, 108, 246, 178, 174, 173, 176, 196, 227, 200, 104, 193, 46, 51, 167, 230, 226, 151, 87, 113, 81, 169, 64, 183, 186, 163, 229, 82, 187, 244, 140, 199, 175, 152, 197, 123, 130, 33, 1, 31, 96, 172, 88, 212, 206, 239, 9, 111, 121, 207, 83, 56, 120, 218, 203, 185, 75, 7, 137, 98, 44, 50, 135, 115, 141, 204, 126, 71, 179, 27, 2, 148, 222, 117, 32, 125, 28, 250, 101, 63, 249, 158, 70, 164, 157, 253, 36, 236, 85, 3, 12, 69, 47, 238, 192, 116, 107, 14, 231, 165, 119, 109, 42, 153, 76, 156, 93, 243, 160, 150, 210, 66, 38, 251, 242, 234, 23, 220, 235, 177, 213, 221, 15, 45, 5, 18, 233, 146, 68, 43, 248, 26, 124, 219, 25, 24, 149, 237, 59, 102, 122, 214, 217, 143, 55, 136, 255, 182, 216, 99, 171, 86, 39, 188, 41, 103, 30, 65, 78, 184, 194, 0, 8, 22, 61, 215, 97, 79, 110]
1 1 Permutation [45, 159, 83, 237, 193, 104, 29, 32, 66, 76, 78, 8, 17, 1, 4, 97, 187, 191, 6, 89, 73, 47, 31, 206, 135, 79, 233, 222, 161, 68, 60, 143, 141, 74, 27, 197, 101, 86, 186, 205, 156, 223, 252, 102, 19, 200, 136, 190, 224, 218, 62, 57, 38, 133, 26, 14, 88, 146, 165, 100, 245, 131, 98, 199, 114, 93, 234, 13, 127, 117, 120, 15, 61, 229, 126, 151, 208, 56, 123, 69, 112, 0, 239, 71, 67, 96, 11, 195, 99, 169, 178, 154, 172, 132, 80, 23, 192, 246, 37, 167, 150, 196, 54, 183, 175, 92, 209, 160, 118, 48, 7, 90, 64, 201, 115, 21, 232, 116, 2, 55, 33, 216, 30, 225, 82, 168, 3, 109, 12, 36, 59, 214, 22, 10, 139, 189, 254, 94, 238, 35, 236, 250, 63, 44, 157, 39, 130, 182, 110, 215, 121, 247, 122, 9, 111, 24, 176, 242, 34, 84, 174, 134, 211, 155, 106, 46, 235, 162, 171, 87, 85, 202, 244, 198, 140, 251, 138, 210, 103, 40, 213, 170, 173, 184, 125, 77, 91, 177, 51, 28, 221, 231, 105, 220, 49, 145, 128, 53, 119, 226, 18, 158, 217, 203, 107, 249, 230, 124, 41, 240, 180, 204, 42, 166, 72, 52, 70, 149, 255, 144, 153, 248, 5, 137, 142, 43, 194, 179, 20, 16, 188, 75, 212, 148, 81, 207, 65, 219, 113, 185, 227, 164, 58, 243, 25, 253, 241, 147, 95, 228, 152, 108, 50, 163, 181, 129]
1 1 Permutation [32, 93, 239, 160, 69, 148, 30, 98, 111, 77, 59, 245, 208, 117, 9, 161, 95, 118, 209, 36, 199, 183, 16, 228, 114, 240, 0, 162, 203, 25, 227, 173, 15, 243, 131, 94, 204, 34, 84, 42, 133, 5, 220, 123, 76, 129, 238, 82, 109, 237, 65, 241, 202, 127, 143, 119, 14, 255, 78, 105, 73, 222, 102, 235, 21, 152, 219, 126, 136, 46, 41, 66, 163, 180, 233, 80, 146, 229, 61, 168, 112, 144, 251, 155, 27, 188, 99, 171, 195, 154, 176, 205, 187, 12, 197, 189, 231, 122, 139, 45, 218, 96, 26, 147, 44, 194, 51, 179, 134, 167, 56, 201, 182, 17, 89, 184, 225, 43, 83, 164, 253, 90, 20, 101, 248, 50, 215, 145, 196, 124, 138, 150, 13, 116, 165, 47, 24, 190, 159, 106, 74, 232, 254, 108, 175, 140, 18, 177, 178, 130, 72, 110, 115, 2, 198, 250, 213, 185, 97, 85, 174, 68, 236, 211, 100, 142, 234, 151, 135, 221, 137, 156, 141, 19, 49, 121, 62, 249, 53, 226, 120, 11, 4, 8, 22, 206, 103, 191, 244, 57, 242, 104, 230, 23, 224, 28, 31, 60, 64, 125, 54, 58, 207, 252, 38, 214, 6, 35, 81, 210, 223, 157, 70, 113, 52, 87, 128, 55, 193, 192, 29, 1, 86, 186, 200, 172, 3, 149, 169, 247, 92, 107, 166, 40, 79, 132, 39, 63, 91, 153, 67, 181, 75, 7, 216, 33, 246, 88, 48, 170, 158, 10, 37, 217, 212, 71]
1 1 Permutation [158, 64, 76, 163, 203, 35, 53, 211, 62, 168, 10, 230, 248, 132, 215, 253, 36, 224, 87, 207, 190, 157, 59, 191, 251, 83, 199, 120, 137, 88, 78, 174, 25, 39, 135, 213, 102, 11, 169, 9, 131, 245, 32, 75, 22, 96, 74, 118, 124, 17, 72, 49, 255, 68, 114, 196, 154, 116, 111, 24, 89, 156, 210, 79, 57, 94, 119, 2, 186, 55, 27, 115, 112, 234, 172, 237, 188, 133, 31, 61, 136, 142, 19, 127, 4, 159, 33, 81, 3, 73, 244, 34, 108, 38, 60, 197, 231, 252, 249, 200, 140, 13, 97, 37, 101, 173, 175, 180, 151, 243, 236, 45, 153, 106, 92, 139, 226, 235, 228, 208, 164, 182, 219, 42, 14, 16, 240, 107, 52, 250, 51, 129, 238, 178, 176, 167, 30, 125, 198, 82, 214, 130, 128, 122, 103, 66, 109, 146, 152, 162, 218, 40, 144, 8, 86, 90, 165, 160, 183, 145, 1, 147, 239, 192, 225, 56, 71, 212, 54, 0, 222, 58, 161, 77, 170, 6, 12, 43, 93, 202, 166, 15, 205, 221, 134, 247, 99, 177, 28, 232, 18, 187, 241, 105, 149, 143, 150, 189, 126, 229, 117, 171, 85, 98, 84, 29, 26, 233, 21, 41, 110, 141, 95, 121, 67, 70, 194, 47, 246, 220, 100, 227, 254, 80, 193, 185, 223, 217, 209, 201, 155, 65, 69, 204, 181, 123, 195, 216, 20, 104, 46, 63, 23, 179, 48, 7, 138, 206, 44, 148, 5, 184, 50, 242, 113, 91]
1 1 Permutation [27, 5, 32, 147, 182, 246, 201, 7, 138, 231, 20, 191, 252, 198, 159, 243, 222, 80, 67, 93, 116, 101, 143, 70, 161, 236, 126, 176, 46, 250, 51, 21, 96, 34, 139, 177, 108, 206, 92, 89, 8, 85, 6, 44, 77, 149, 140, 18, 106, 59, 48, 135, 181, 53, 233, 166, 35, 162, 230, 180, 25, 11, 216, 178, 50, 209, 160, 72, 134, 127, 125, 42, 55, 253, 122, 254, 114, 111, 62, 145, 197, 225, 163, 71, 167, 82, 75, 192, 142, 155, 104, 221, 187, 66, 38, 174, 240, 208, 47, 156, 229, 9, 102, 12, 87, 78, 238, 220, 203, 242, 118, 255, 184, 14, 22, 130, 110, 23, 249, 95, 56, 124, 251, 235, 36, 244, 148, 217, 120, 115, 4, 224, 3, 112, 186, 117, 100, 213, 40, 164, 63, 146, 45, 202, 37, 133, 223, 168, 215, 172, 175, 97, 207, 239, 226, 76, 169, 153, 247, 58, 49, 171, 214, 157, 179, 170, 54, 88, 189, 113, 211, 248, 29, 68, 69, 129, 33, 1, 232, 43, 41, 84, 83, 132, 188, 150, 61, 60, 109, 151, 26, 123, 94, 107, 144, 31, 121, 165, 219, 196, 205, 204, 194, 218, 86, 185, 81, 52, 28, 119, 74, 141, 99, 212, 228, 79, 237, 128, 90, 19, 241, 30, 13, 152, 15, 158, 105, 10, 73, 24, 227, 57, 173, 91, 16, 210, 17, 199, 193, 154, 190, 2, 245, 39, 183, 200, 64, 65, 136, 131, 0, 195, 98, 234, 137, 103]
1 1 Permutation [168, 92, 216, 124, 55, 39, 62, 172, 44, 67, 196, 154, 175, 151, 16, 129, 24, 101, 56, 164, 14, 181, 58, 42, 20, 214, 45, 81, 22, 41, 43, 217, 210, 211, 219, 205, 53, 94, 85, 30, 79, 6, 7, 102, 159, 130, 243, 186, 215, 114, 52, 245, 84, 112, 140, 235, 143, 244, 165, 208, 173, 117, 207, 202, 80, 75, 105, 110, 107, 4, 83, 199, 177, 188, 87, 25, 123, 147, 17, 222, 104, 103, 190, 98, 231, 34, 40, 225, 100, 50, 237, 176, 119, 192, 233, 125, 131, 255, 63, 27, 209, 13, 197, 90, 187, 234, 66, 37, 195, 72, 11, 171, 115, 91, 174, 157, 204, 60, 200, 59, 3, 2, 241, 136, 144, 156, 121, 69, 70, 38, 18, 120, 122, 54, 139, 99, 220, 148, 247, 77, 89, 236, 221, 218, 138, 118, 203, 33, 1, 248, 145, 48, 57, 95, 239, 254, 78, 93, 32, 134, 201, 49, 137, 9, 169, 21, 170, 251, 166, 51, 184, 47, 86, 26, 141, 230, 180, 232, 252, 182, 191, 163, 128, 19, 212, 178, 61, 135, 223, 160, 64, 224, 183, 249, 153, 108, 142, 28, 132, 113, 149, 106, 213, 127, 36, 158, 194, 23, 253, 189, 73, 96, 15, 133, 246, 152, 185, 65, 12, 250, 97, 161, 206, 238, 126, 76, 116, 179, 10, 150, 74, 229, 88, 31, 71, 240, 0, 226, 68, 146, 46, 167, 111, 8, 228, 227, 193, 109, 5, 198, 162, 29, 242, 82, 35, 155]
1 1 Permutation [59, 205, 209, 122, 58, 189, 102, 91, 35, 218, 185, 80, 201, 62, 25, 93, 166, 90, 56, 12, 55, 19, 70, 230, 45, 22, 229, 191, 54, 82, 231, 101, 251, 190, 92, 145, 141, 236, 103, 241, 105, 238, 167, 89, 150, 228, 194, 68, 193, 49, 117, 151, 83, 42, 11, 88, 248, 227, 129, 223, 111, 211, 214, 188, 1, 237, 40, 206, 210, 134, 208, 137, 220, 135, 116, 66, 65, 203, 235, 232, 21, 212, 127, 60, 152, 222, 255, 213, 239, 158, 133, 51, 177, 61, 13, 37, 192, 26, 246, 30, 221, 247, 215, 138, 20, 180, 195, 140, 9, 99, 253, 18, 254, 179, 182, 219, 197, 98, 174, 132, 204, 107, 110, 176, 120, 161, 234, 200, 163, 242, 15, 168, 198, 142, 87, 178, 104, 24, 43, 128, 252, 6, 143, 130, 118, 28, 149, 216, 131, 27, 75, 126, 77, 4, 2, 96, 44, 73, 34, 0, 172, 113, 243, 125, 245, 3, 187, 202, 74, 41, 64, 225, 48, 97, 153, 156, 14, 100, 63, 207, 240, 106, 233, 95, 50, 217, 146, 8, 162, 184, 29, 181, 76, 7, 196, 136, 39, 17, 81, 46, 154, 78, 53, 112, 199, 171, 36, 159, 72, 5, 186, 175, 94, 124, 33, 250, 226, 85, 173, 52, 67, 79, 86, 147, 155, 144, 114, 157, 38, 115, 148, 183, 164, 249, 10, 160, 119, 23, 165, 123, 57, 31, 139, 71, 108, 169, 47, 109, 224, 170, 16, 69, 84, 244, 32, 121]
1 1 Permutation [13, 63, 68, 141, 126, 53, 196, 210, 245, 236, 193, 49, 87, 202, 6, 213, 45, 128, 168, 207, 95, 216, 247, 124, 201, 120, 22, 121, 241, 199, 187, 237, 251, 88, 135, 117, 17, 35, 42, 104, 140, 127, 195, 209, 165, 137, 238, 118, 155, 57, 39, 34, 55, 133, 107, 9, 192, 79, 27, 116, 105, 225, 152, 205, 64, 255, 138, 30, 167, 173, 144, 142, 217, 214, 15, 169, 235, 106, 18, 242, 44, 228, 4, 100, 212, 181, 145, 159, 2, 164, 83, 246, 67, 186, 162, 66, 60, 239, 91, 43, 177, 250, 221, 58, 36, 194, 10, 102, 82, 240, 185, 223, 113, 253, 37, 189, 76, 248, 190, 122, 108, 200, 156, 179, 97, 231, 28, 73, 147, 170, 146, 184, 125, 129, 115, 160, 188, 32, 71, 220, 14, 81, 208, 69, 99, 249, 0, 23, 101, 218, 94, 38, 151, 8, 25, 158, 75, 65, 78, 84, 224, 3, 154, 92, 40, 110, 11, 46, 243, 103, 51, 166, 233, 149, 62, 5, 31, 183, 119, 1, 16, 20, 130, 90, 96, 229, 171, 139, 77, 24, 219, 234, 41, 80, 12, 176, 61, 215, 52, 211, 85, 191, 86, 198, 230, 252, 54, 19, 175, 112, 132, 109, 226, 59, 123, 153, 98, 204, 143, 111, 227, 33, 254, 148, 174, 29, 222, 70, 136, 26, 206, 150, 131, 114, 48, 232, 21, 197, 93, 74, 163, 56, 50, 180, 244, 172, 178, 182, 161, 72, 134, 157, 47, 203, 89, 7]
1 1 Permutation [11, 129, 180, 143, 250, 86, 156, 110, 235, 77, 162, 109, 103, 198, 190, 100, 148, 29, 19, 228, 174, 208, 127, 239, 155, 99, 111, 179, 206, 22, 135, 251, 52, 31, 101, 159, 25, 97, 73, 142, 141, 181, 82, 108, 132, 185, 154, 194, 20, 7, 209, 56, 2, 120, 4, 167, 238, 166, 182, 15, 138, 84, 171, 157, 183, 187, 175, 78, 150, 37, 105, 51, 122, 146, 158, 88, 163, 203, 117, 98, 229, 227, 90, 49, 255, 216, 137, 119, 9, 113, 220, 152, 140, 70, 115, 3, 107, 18, 160, 245, 59, 39, 21, 65, 224, 48, 226, 62, 253, 133, 121, 200, 123, 217, 212, 24, 80, 246, 243, 131, 44, 55, 0, 230, 248, 214, 79, 210, 222, 96, 12, 126, 128, 170, 153, 191, 149, 1, 27, 102, 85, 36, 147, 205, 57, 34, 17, 68, 213, 193, 241, 112, 8, 35, 231, 177, 139, 95, 236, 199, 237, 130, 30, 218, 10, 76, 67, 202, 188, 207, 81, 61, 33, 165, 69, 26, 219, 14, 32, 6, 196, 189, 94, 28, 71, 5, 233, 186, 221, 63, 240, 247, 242, 252, 50, 192, 91, 58, 54, 244, 204, 83, 16, 201, 13, 134, 92, 125, 254, 249, 64, 215, 184, 66, 87, 40, 234, 223, 225, 60, 161, 43, 195, 164, 93, 104, 144, 53, 116, 23, 124, 75, 114, 46, 45, 176, 178, 172, 42, 145, 211, 151, 41, 47, 74, 197, 169, 38, 72, 106, 89, 232, 173, 168, 136, 118]
1 1 Permutation [154, 2, 178, 62, 253, 180, 140, 87, 245, 123, 179, 244, 93, 42, 28, 236, 195, 36, 121, 188, 142, 167, 86, 148, 83, 218, 77, 50, 103, 155, 215, 125, 139, 153, 35, 239, 229, 91, 247, 132, 7, 26, 102, 46, 61, 159, 254, 156, 105, 15, 95, 114, 224, 69, 237, 134, 172, 183, 20, 157, 173, 190, 110, 130, 200, 24, 34, 22, 57, 127, 37, 6, 133, 97, 68, 204, 47, 122, 162, 194, 59, 252, 197, 53, 182, 222, 186, 192, 40, 158, 64, 16, 13, 66, 72, 70, 32, 65, 11, 246, 5, 160, 228, 141, 109, 107, 238, 52, 23, 8, 111, 126, 129, 100, 67, 48, 176, 71, 206, 75, 104, 225, 223, 207, 113, 119, 79, 99, 199, 242, 124, 60, 152, 220, 209, 90, 55, 161, 205, 49, 145, 210, 82, 234, 10, 108, 164, 191, 19, 96, 73, 216, 255, 168, 3, 118, 58, 243, 31, 98, 149, 29, 41, 203, 232, 230, 241, 131, 250, 78, 1, 208, 115, 189, 227, 214, 202, 116, 177, 248, 163, 137, 251, 38, 171, 21, 212, 120, 106, 146, 185, 45, 39, 249, 4, 0, 174, 166, 221, 165, 54, 17, 211, 43, 27, 44, 30, 51, 74, 151, 240, 56, 226, 198, 184, 175, 89, 143, 14, 101, 233, 84, 76, 213, 235, 144, 117, 92, 128, 181, 193, 25, 196, 18, 201, 170, 136, 187, 33, 12, 112, 94, 147, 217, 135, 231, 219, 9, 138, 81, 63, 88, 85, 150, 80, 169]
1 1 Permutation [234, 230, 34, 239, 142, 57, 60, 108, 101, 61, 53, 92, 180, 118, 106, 212, 144, 123, 130, 55, 248, 133, 45, 170, 235, 59, 95, 15, 44, 143, 216, 189, 131, 27, 32, 199, 117, 2, 97, 64, 255, 224, 135, 175, 78, 250, 240, 185, 251, 190, 120, 159, 58, 110, 21, 62, 124, 103, 52, 1, 252, 141, 242, 6, 201, 17, 209, 173, 67, 181, 77, 152, 90, 86, 113, 162, 172, 54, 145, 176, 88, 46, 208, 81, 150, 254, 158, 139, 157, 155, 186, 246, 80, 206, 82, 244, 11, 74, 247, 72, 109, 177, 111, 174, 211, 233, 253, 42, 164, 178, 196, 138, 22, 187, 63, 107, 91, 93, 40, 146, 14, 9, 56, 218, 179, 96, 35, 127, 215, 73, 210, 243, 71, 140, 165, 169, 5, 200, 112, 231, 25, 29, 41, 43, 213, 232, 132, 147, 114, 205, 69, 121, 3, 0, 102, 151, 31, 70, 229, 207, 4, 203, 48, 134, 38, 221, 37, 89, 26, 76, 104, 100, 20, 30, 98, 126, 195, 149, 50, 23, 87, 161, 184, 94, 220, 154, 49, 241, 226, 24, 156, 115, 39, 136, 168, 163, 237, 182, 188, 116, 166, 217, 153, 194, 227, 192, 65, 171, 222, 167, 249, 193, 197, 214, 10, 198, 84, 18, 47, 238, 28, 75, 8, 7, 236, 13, 228, 16, 129, 202, 223, 33, 219, 19, 119, 137, 125, 66, 204, 191, 128, 36, 122, 105, 68, 148, 225, 99, 160, 85, 51, 83, 245, 183, 12, 79]
1 1 Permutation [217, 169, 206, 114, 59, 4, 7, 148, 209, 230, 141, 156, 77, 79, 175, 84, 65, 160, 25, 116, 185, 95, 237, 18, 159, 155, 72, 68, 123, 0, 112, 168, 109, 88, 170, 210, 35, 152, 234, 75, 178, 134, 246, 137, 29, 104, 184, 222, 193, 149, 194, 51, 27, 86, 176, 43, 150, 56, 208, 71, 50, 40, 113, 80, 183, 224, 15, 22, 108, 42, 143, 144, 211, 251, 129, 11, 250, 126, 188, 158, 180, 101, 221, 107, 16, 28, 135, 9, 174, 31, 90, 241, 119, 214, 192, 139, 226, 187, 151, 243, 23, 38, 53, 244, 94, 163, 189, 69, 5, 67, 173, 1, 21, 212, 229, 81, 252, 248, 236, 39, 201, 96, 223, 66, 61, 99, 92, 63, 34, 133, 41, 8, 10, 220, 91, 199, 204, 26, 240, 162, 128, 157, 73, 33, 105, 106, 233, 44, 247, 197, 190, 125, 36, 14, 136, 191, 203, 179, 138, 253, 227, 142, 255, 166, 225, 239, 207, 47, 19, 172, 171, 87, 245, 249, 98, 122, 37, 58, 118, 83, 54, 196, 213, 238, 165, 147, 146, 52, 20, 216, 17, 145, 167, 242, 103, 218, 121, 82, 154, 235, 254, 181, 55, 97, 120, 57, 228, 64, 177, 132, 200, 46, 215, 30, 89, 182, 102, 12, 62, 85, 127, 231, 3, 219, 205, 140, 24, 198, 74, 93, 13, 32, 49, 110, 232, 115, 45, 2, 202, 100, 76, 60, 6, 130, 153, 48, 131, 124, 117, 111, 70, 195, 186, 78, 164, 161]
1 1 Permutation [5, 157, 93, 107, 95, 129, 13, 9, 0, 254, 86, 30, 182, 194, 216, 151, 188, 92, 1, 153, 249, 148, 144, 31, 94, 127, 132, 85, 181, 139, 215, 185, 98, 111, 72, 232, 176, 230, 3, 202, 116, 161, 222, 174, 250, 2, 190, 229, 197, 28, 173, 61, 121, 117, 141, 204, 199, 221, 59, 96, 223, 12, 136, 97, 183, 165, 145, 175, 8, 118, 51, 71, 16, 246, 21, 168, 255, 57, 70, 14, 241, 68, 225, 234, 203, 87, 38, 25, 192, 171, 211, 105, 42, 54, 82, 7, 195, 214, 79, 23, 244, 40, 180, 56, 227, 22, 186, 149, 74, 210, 103, 143, 69, 109, 213, 184, 219, 177, 239, 146, 65, 81, 218, 78, 44, 193, 4, 47, 48, 130, 245, 114, 99, 63, 125, 45, 122, 128, 207, 162, 101, 36, 208, 26, 39, 237, 140, 115, 46, 27, 187, 212, 242, 251, 158, 134, 29, 247, 90, 124, 179, 6, 126, 76, 178, 196, 217, 100, 228, 88, 238, 167, 18, 43, 119, 80, 156, 224, 205, 248, 15, 226, 233, 110, 37, 55, 49, 142, 24, 10, 253, 19, 83, 201, 112, 159, 155, 91, 104, 20, 235, 84, 209, 123, 32, 206, 200, 164, 34, 152, 150, 131, 172, 60, 66, 50, 147, 166, 58, 231, 133, 102, 89, 170, 198, 120, 189, 220, 236, 75, 33, 108, 77, 106, 64, 252, 52, 169, 160, 67, 240, 191, 35, 11, 41, 17, 154, 138, 73, 243, 53, 163, 113, 62, 137, 135]
1 1 Permutation [37, 105, 139, 97, 201, 11, 244, 65, 133, 148, 49, 251, 195, 14, 45, 214, 171, 21, 224, 219, 176, 7, 166, 83, 101, 44, 234, 84, 107, 125, 20, 142, 225, 178, 189, 199, 154, 86, 175, 124, 165, 205, 100, 226, 146, 198, 89, 79, 223, 47, 123, 17, 134, 197, 167, 88, 242, 67, 127, 147, 94, 71, 85, 160, 187, 233, 19, 53, 221, 203, 93, 75, 68, 152, 108, 230, 137, 161, 151, 32, 177, 252, 42, 16, 155, 215, 211, 208, 55, 192, 212, 173, 209, 96, 111, 141, 185, 110, 112, 168, 239, 217, 28, 82, 18, 50, 81, 188, 35, 90, 70, 158, 43, 172, 22, 183, 61, 104, 174, 92, 227, 106, 140, 10, 232, 153, 91, 76, 193, 247, 200, 149, 12, 56, 58, 95, 216, 1, 135, 180, 69, 253, 144, 4, 191, 9, 63, 87, 29, 31, 129, 241, 181, 213, 33, 169, 204, 138, 3, 0, 23, 118, 145, 170, 102, 190, 132, 60, 231, 38, 120, 249, 5, 62, 182, 126, 48, 237, 194, 222, 164, 34, 99, 113, 206, 238, 73, 98, 26, 131, 196, 119, 254, 243, 30, 130, 179, 59, 114, 184, 202, 236, 248, 24, 39, 25, 15, 2, 136, 210, 57, 13, 117, 157, 77, 72, 122, 121, 128, 78, 27, 51, 156, 220, 8, 74, 66, 150, 36, 52, 143, 162, 115, 109, 229, 228, 207, 246, 103, 54, 159, 245, 255, 40, 235, 41, 64, 240, 46, 186, 250, 80, 6, 116, 218, 163]
1 1 Permutation [213, 239, 243, 35, 29, 149, 123, 104, 65, 61, 198, 255, 166, 77, 102, 196, 136, 227, 159, 109, 252, 171, 143, 178, 51, 11, 79, 185, 84, 144, 63, 210, 245, 158, 42, 244, 10, 113, 112, 195, 221, 128, 188, 116, 118, 57, 230, 50, 93, 173, 172, 201, 193, 28, 72, 12, 222, 233, 78, 133, 17, 238, 223, 251, 182, 47, 138, 122, 24, 75, 153, 103, 98, 124, 20, 155, 15, 117, 9, 94, 140, 31, 134, 231, 96, 137, 13, 206, 126, 119, 229, 186, 200, 76, 33, 105, 190, 48, 167, 101, 44, 208, 147, 139, 6, 142, 22, 26, 176, 170, 174, 141, 97, 219, 146, 179, 34, 169, 199, 240, 254, 8, 132, 211, 2, 216, 160, 253, 81, 64, 110, 66, 220, 60, 218, 192, 53, 154, 235, 224, 148, 129, 135, 69, 150, 247, 111, 121, 55, 183, 0, 30, 202, 89, 70, 107, 41, 99, 237, 228, 127, 177, 246, 191, 164, 180, 187, 151, 225, 114, 74, 181, 1, 56, 100, 108, 88, 36, 120, 38, 168, 163, 90, 152, 46, 67, 212, 14, 125, 130, 19, 197, 156, 7, 39, 249, 80, 68, 165, 5, 54, 40, 207, 242, 203, 184, 175, 226, 91, 45, 194, 204, 37, 27, 43, 87, 106, 49, 217, 82, 95, 214, 189, 157, 236, 83, 115, 234, 162, 71, 62, 58, 16, 145, 32, 215, 18, 205, 250, 209, 85, 131, 86, 161, 59, 52, 248, 25, 92, 21, 232, 73, 4, 3, 241, 23]
1 1 Permutation [149, 98, 43, 191, 121, 219, 50, 201, 171, 129, 216, 18, 66, 146, 94, 85, 20, 63, 45, 159, 158, 19, 80, 115, 213, 141, 47, 33, 218, 27, 87, 172, 210, 239, 91, 137, 224, 177, 56, 31, 135, 178, 206, 165, 174, 241, 160, 215, 54, 247, 93, 168, 78, 173, 157, 97, 227, 253, 225, 208, 3, 123, 248, 41, 58, 61, 124, 39, 84, 72, 204, 108, 16, 9, 144, 117, 138, 245, 131, 236, 232, 114, 10, 240, 40, 8, 199, 23, 95, 238, 6, 205, 46, 244, 148, 106, 228, 190, 150, 127, 156, 243, 197, 24, 1, 12, 92, 59, 21, 189, 105, 142, 175, 101, 161, 169, 151, 111, 25, 176, 57, 104, 246, 112, 122, 116, 186, 0, 231, 181, 113, 64, 65, 200, 153, 255, 90, 76, 75, 188, 130, 34, 48, 154, 29, 212, 67, 51, 37, 187, 155, 183, 13, 62, 198, 28, 26, 237, 254, 217, 220, 96, 83, 17, 166, 107, 82, 55, 184, 136, 100, 2, 36, 118, 202, 185, 86, 68, 134, 233, 235, 89, 120, 44, 221, 7, 182, 38, 11, 22, 214, 74, 162, 60, 15, 180, 35, 163, 42, 193, 69, 71, 196, 167, 99, 30, 139, 194, 110, 5, 145, 132, 223, 209, 119, 242, 251, 4, 211, 152, 88, 77, 52, 170, 73, 230, 195, 128, 133, 192, 207, 140, 226, 14, 32, 81, 143, 79, 102, 179, 249, 250, 49, 125, 203, 147, 234, 53, 222, 103, 252, 164, 126, 229, 70, 109]
1 1 Permutation [200, 220, 130, 244, 79, 1, 53, 236, 58, 75, 182, 179, 73, 184, 167, 81, 50, 234, 152, 15, 57, 251, 157, 105, 222, 80, 4, 175, 22, 49, 68, 38, 108, 188, 120, 223, 51, 142, 89, 213, 138, 71, 76, 125, 88, 93, 6, 132, 56, 174, 84, 91, 123, 14, 209, 54, 208, 129, 233, 191, 136, 39, 86, 78, 74, 46, 144, 243, 37, 163, 149, 185, 248, 204, 245, 173, 135, 181, 72, 32, 246, 103, 154, 42, 34, 90, 176, 238, 186, 100, 214, 31, 30, 197, 187, 7, 2, 216, 66, 85, 87, 221, 146, 198, 194, 131, 48, 158, 69, 102, 8, 61, 180, 252, 219, 140, 169, 225, 227, 10, 226, 3, 45, 118, 109, 111, 242, 110, 190, 17, 150, 92, 27, 215, 104, 205, 77, 124, 212, 12, 247, 249, 101, 117, 151, 211, 52, 240, 250, 147, 254, 106, 155, 196, 21, 218, 207, 5, 113, 166, 164, 33, 44, 168, 60, 201, 162, 67, 36, 16, 99, 171, 239, 112, 64, 0, 137, 177, 228, 115, 195, 98, 40, 55, 199, 230, 70, 19, 202, 153, 255, 189, 231, 139, 127, 170, 25, 20, 160, 229, 172, 121, 203, 94, 122, 156, 11, 18, 224, 97, 178, 217, 29, 107, 206, 134, 210, 159, 148, 65, 26, 96, 41, 253, 133, 83, 237, 23, 63, 193, 119, 232, 62, 141, 235, 116, 95, 143, 13, 24, 35, 114, 126, 47, 59, 9, 161, 192, 183, 43, 82, 28, 165, 145, 241, 128]
1 1 Permutation [224, 126, 215, 152, 76, 36, 85, 72, 145, 242, 127, 107, 80, 243, 102, 150, 241, 191, 81, 172, 35, 31, 252, 202, 218, 178, 231, 196, 83, 109, 247, 40, 3, 203, 185, 156, 171, 149, 50, 168, 17, 235, 204, 116, 77, 151, 153, 32, 128, 106, 219, 200, 197, 22, 237, 254, 113, 87, 195, 207, 240, 147, 239, 7, 139, 39, 118, 232, 9, 221, 51, 47, 216, 205, 167, 52, 66, 192, 94, 49, 61, 6, 73, 99, 214, 255, 123, 176, 157, 246, 37, 108, 125, 213, 161, 53, 130, 194, 122, 135, 79, 60, 220, 199, 223, 120, 225, 26, 69, 58, 180, 43, 131, 226, 13, 41, 78, 19, 189, 96, 248, 162, 138, 55, 33, 103, 175, 84, 165, 136, 182, 21, 112, 91, 24, 159, 15, 173, 137, 25, 48, 186, 42, 89, 236, 14, 143, 217, 98, 227, 88, 10, 71, 169, 46, 155, 210, 142, 34, 56, 166, 105, 132, 97, 45, 114, 0, 57, 133, 124, 23, 8, 233, 115, 177, 68, 253, 148, 82, 249, 179, 86, 187, 146, 29, 18, 181, 206, 251, 111, 59, 209, 229, 4, 110, 222, 75, 163, 250, 44, 160, 30, 188, 64, 134, 93, 1, 28, 100, 70, 170, 90, 16, 62, 119, 183, 211, 101, 212, 2, 27, 141, 208, 144, 164, 174, 193, 129, 117, 54, 228, 158, 63, 234, 198, 104, 67, 190, 11, 121, 95, 238, 154, 245, 74, 38, 244, 5, 12, 201, 92, 20, 230, 184, 65, 140]
1 1 Permutation [116, 15, 36, 212, 4, 157, 226, 177, 98, 29, 193, 133, 155, 240, 105, 85, 172, 163, 178, 188, 135, 118, 75, 77, 45, 194, 96, 253, 120, 51, 79, 142, 196, 34, 175, 26, 245, 88, 239, 46, 115, 147, 60, 47, 247, 57, 146, 81, 89, 251, 252, 65, 56, 255, 41, 205, 219, 106, 86, 164, 198, 217, 159, 71, 43, 59, 170, 244, 112, 39, 14, 121, 207, 138, 19, 22, 204, 103, 246, 84, 8, 16, 64, 90, 213, 37, 149, 40, 199, 166, 229, 200, 68, 49, 220, 3, 140, 78, 63, 186, 111, 27, 23, 32, 1, 6, 87, 197, 235, 132, 82, 10, 143, 109, 35, 232, 249, 117, 110, 25, 24, 180, 130, 223, 179, 210, 122, 203, 50, 100, 195, 184, 129, 52, 161, 241, 137, 76, 54, 191, 248, 144, 20, 73, 123, 21, 228, 91, 70, 67, 165, 254, 145, 221, 171, 99, 139, 185, 102, 218, 158, 160, 238, 72, 192, 224, 119, 2, 124, 83, 55, 214, 94, 225, 150, 189, 38, 236, 182, 62, 181, 230, 9, 190, 101, 61, 136, 202, 201, 183, 114, 95, 92, 113, 7, 174, 215, 176, 97, 234, 30, 187, 242, 151, 222, 243, 141, 69, 13, 233, 134, 127, 12, 108, 154, 18, 209, 250, 58, 216, 28, 5, 162, 33, 156, 66, 80, 93, 107, 237, 11, 53, 153, 152, 208, 0, 231, 126, 31, 148, 128, 48, 131, 17, 104, 167, 206, 125, 169, 168, 42, 74, 211, 173, 44, 227]
1 1 Permutation [169, 215, 82, 125, 123, 99, 212, 54, 137, 115, 192, 40, 74, 81, 10, 83, 5, 18, 97, 218, 76, 66, 193, 154, 122, 145, 186, 65, 178, 185, 6, 39, 114, 62, 64, 56, 187, 204, 156, 245, 108, 188, 140, 136, 22, 35, 139, 162, 90, 227, 78, 177, 0, 220, 230, 240, 202, 63, 85, 175, 248, 222, 158, 19, 180, 34, 244, 207, 211, 107, 235, 3, 72, 118, 77, 57, 223, 73, 253, 237, 252, 14, 30, 42, 68, 168, 189, 29, 184, 103, 117, 249, 208, 148, 217, 16, 166, 98, 104, 160, 132, 126, 173, 93, 232, 124, 101, 135, 225, 167, 128, 157, 241, 210, 238, 92, 2, 206, 130, 23, 106, 25, 213, 250, 195, 59, 179, 51, 71, 86, 96, 231, 134, 12, 214, 79, 219, 144, 27, 170, 121, 36, 89, 200, 146, 17, 70, 246, 26, 251, 159, 194, 53, 61, 127, 254, 163, 113, 31, 190, 13, 95, 243, 55, 20, 151, 84, 152, 229, 15, 233, 153, 111, 196, 201, 4, 131, 8, 141, 150, 164, 142, 242, 165, 203, 94, 43, 69, 32, 209, 138, 236, 33, 9, 181, 199, 247, 37, 52, 228, 171, 105, 28, 87, 129, 226, 102, 110, 191, 1, 205, 143, 239, 91, 216, 182, 46, 116, 161, 255, 149, 75, 224, 38, 80, 100, 120, 49, 44, 174, 221, 41, 172, 7, 58, 133, 198, 11, 67, 119, 45, 50, 109, 234, 155, 147, 60, 88, 112, 176, 47, 21, 197, 24, 48, 183]
1 1 Permutation [171, 158, 107, 22, 236, 51, 12, 74, 97, 129, 163, 139, 94, 98, 13, 112, 186, 6, 40, 24, 41, 235, 44, 253, 184, 111, 148, 80, 197, 38, 189, 17, 70, 109, 154, 169, 223, 202, 204, 207, 110, 216, 217, 32, 25, 49, 127, 213, 11, 20, 134, 152, 167, 102, 155, 29, 119, 101, 198, 108, 104, 230, 33, 214, 211, 55, 174, 222, 27, 4, 92, 48, 0, 100, 243, 7, 91, 87, 68, 210, 126, 69, 249, 231, 206, 254, 187, 34, 234, 30, 238, 46, 150, 191, 221, 124, 5, 142, 133, 193, 61, 53, 255, 227, 145, 220, 153, 151, 123, 35, 144, 205, 62, 54, 140, 175, 116, 83, 130, 141, 1, 248, 19, 160, 240, 209, 88, 99, 14, 173, 172, 212, 165, 136, 199, 76, 93, 16, 65, 219, 232, 114, 131, 180, 58, 121, 179, 2, 77, 242, 147, 252, 72, 9, 241, 228, 57, 115, 113, 132, 200, 143, 26, 203, 247, 71, 237, 208, 67, 194, 178, 159, 84, 47, 246, 56, 78, 8, 31, 15, 229, 239, 146, 3, 118, 166, 195, 59, 103, 125, 89, 177, 105, 135, 60, 82, 244, 37, 156, 36, 233, 226, 157, 96, 188, 185, 52, 23, 28, 138, 128, 161, 90, 50, 106, 66, 45, 10, 79, 63, 245, 201, 122, 218, 192, 43, 21, 85, 162, 164, 176, 168, 170, 120, 183, 86, 250, 225, 149, 95, 73, 190, 117, 251, 215, 182, 39, 181, 64, 75, 137, 81, 224, 196, 42, 18]
1 1 Permutation [30, 2, 180, 168, 73, 181, 241, 78, 238, 120, 215, 217, 84, 24, 149, 196, 141, 133, 131, 146, 200, 1, 97, 219, 234, 183, 39, 40, 198, 202, 135, 80, 102, 220, 175, 179, 49, 15, 103, 169, 100, 251, 87, 194, 147, 72, 244, 91, 82, 128, 92, 209, 228, 214, 167, 61, 29, 43, 223, 211, 112, 115, 187, 203, 138, 166, 74, 235, 41, 236, 185, 48, 159, 148, 9, 153, 26, 101, 119, 152, 254, 105, 96, 232, 69, 117, 248, 60, 71, 184, 38, 210, 177, 218, 160, 45, 113, 31, 0, 125, 197, 239, 16, 20, 90, 143, 19, 65, 44, 63, 33, 224, 192, 216, 114, 76, 136, 231, 99, 11, 22, 85, 67, 104, 68, 32, 5, 142, 86, 34, 164, 13, 132, 70, 98, 28, 207, 108, 118, 77, 10, 93, 154, 8, 172, 83, 109, 247, 222, 178, 161, 23, 227, 137, 64, 12, 47, 221, 199, 212, 55, 208, 124, 144, 233, 190, 106, 4, 213, 158, 107, 56, 170, 14, 89, 126, 174, 51, 191, 173, 246, 205, 230, 21, 139, 163, 116, 62, 111, 150, 249, 27, 201, 130, 195, 182, 176, 81, 88, 127, 134, 129, 46, 57, 225, 204, 50, 140, 18, 255, 110, 193, 242, 240, 226, 53, 37, 36, 162, 79, 151, 52, 189, 66, 75, 155, 94, 42, 145, 17, 186, 54, 122, 229, 157, 188, 165, 250, 95, 121, 123, 7, 25, 156, 243, 58, 252, 6, 245, 35, 253, 59, 206, 3, 237, 171]
1 1 Permutation [98, 65, 190, 176, 6, 229, 107, 124, 43, 213, 189, 192, 35, 159, 163, 154, 212, 254, 54, 239, 63, 253, 193, 33, 168, 156, 49, 19, 30, 2, 38, 250, 0, 103, 23, 234, 164, 203, 149, 105, 174, 179, 37, 134, 18, 15, 47, 102, 162, 80, 128, 172, 116, 205, 221, 145, 200, 251, 112, 161, 12, 120, 202, 137, 92, 13, 3, 50, 178, 76, 9, 41, 72, 209, 83, 31, 165, 27, 195, 11, 153, 110, 26, 119, 70, 59, 199, 173, 17, 117, 73, 138, 51, 206, 248, 16, 81, 158, 77, 68, 14, 249, 66, 135, 94, 129, 21, 184, 147, 20, 44, 125, 243, 88, 101, 113, 169, 55, 69, 71, 75, 131, 132, 185, 215, 167, 146, 180, 141, 225, 143, 144, 197, 237, 191, 58, 67, 127, 235, 151, 216, 89, 121, 34, 10, 155, 246, 114, 198, 99, 48, 186, 118, 53, 100, 214, 82, 122, 36, 223, 39, 175, 109, 238, 196, 28, 4, 247, 64, 160, 32, 188, 87, 252, 222, 181, 104, 218, 208, 152, 219, 224, 207, 93, 183, 204, 171, 108, 24, 187, 46, 79, 142, 244, 232, 1, 96, 45, 241, 60, 56, 236, 5, 111, 242, 231, 220, 126, 226, 91, 86, 140, 62, 245, 52, 40, 85, 123, 8, 57, 240, 157, 61, 115, 148, 211, 29, 233, 136, 7, 210, 166, 201, 78, 25, 170, 182, 97, 139, 42, 228, 22, 230, 133, 255, 130, 74, 95, 217, 106, 177, 150, 84, 194, 90, 227]
1 1 Permutation [47, 117, 36, 211, 77, 100, 220, 99, 83, 51, 226, 177, 165, 248, 20, 144, 215, 34, 50, 254, 43, 104, 164, 159, 194, 249, 216, 86, 135, 22, 103, 143, 184, 145, 9, 123, 121, 225, 224, 201, 233, 219, 208, 28, 152, 180, 190, 148, 93, 59, 149, 7, 120, 237, 212, 154, 126, 196, 197, 38, 235, 26, 240, 64, 89, 158, 68, 167, 10, 49, 3, 229, 156, 118, 187, 85, 58, 199, 92, 132, 133, 166, 111, 53, 127, 96, 137, 56, 128, 90, 207, 37, 185, 66, 169, 65, 250, 221, 218, 24, 87, 101, 84, 147, 239, 142, 140, 15, 203, 179, 150, 247, 141, 105, 78, 183, 39, 243, 192, 5, 130, 114, 162, 23, 241, 74, 222, 72, 181, 255, 40, 76, 31, 139, 191, 168, 151, 17, 13, 14, 1, 205, 251, 115, 136, 138, 35, 174, 172, 227, 163, 45, 242, 236, 60, 193, 97, 61, 79, 30, 71, 19, 27, 231, 42, 6, 122, 186, 173, 12, 116, 252, 188, 67, 182, 204, 69, 11, 98, 214, 238, 230, 52, 131, 0, 2, 232, 178, 88, 153, 119, 80, 161, 160, 146, 134, 189, 175, 32, 223, 109, 75, 41, 44, 94, 63, 124, 198, 46, 210, 81, 125, 55, 110, 54, 200, 95, 113, 155, 112, 234, 18, 8, 202, 108, 62, 82, 29, 209, 176, 217, 245, 57, 70, 48, 107, 102, 195, 228, 73, 171, 25, 91, 16, 129, 4, 246, 253, 106, 157, 213, 170, 33, 21, 244, 206]
1 1 Permutation [131, 44, 146, 39, 94, 88, 34, 177, 235, 220, 140, 96, 250, 224, 255, 51, 18, 47, 10, 106, 153, 247, 221, 165, 195, 200, 231, 31, 32, 164, 158, 168, 20, 3, 29, 169, 46, 193, 62, 52, 253, 118, 7, 154, 85, 14, 115, 191, 95, 125, 213, 128, 98, 184, 92, 216, 2, 40, 45, 173, 246, 79, 77, 6, 234, 138, 37, 16, 136, 89, 143, 105, 23, 240, 36, 254, 13, 123, 55, 147, 249, 22, 241, 157, 208, 198, 133, 27, 215, 78, 17, 194, 5, 210, 61, 145, 155, 56, 134, 238, 26, 41, 149, 137, 111, 43, 225, 67, 248, 48, 38, 102, 103, 110, 202, 245, 86, 70, 171, 113, 117, 162, 122, 211, 243, 100, 176, 218, 242, 9, 232, 180, 148, 139, 170, 69, 0, 209, 33, 161, 82, 54, 76, 132, 84, 58, 186, 24, 30, 121, 50, 228, 151, 227, 183, 64, 120, 57, 124, 187, 201, 251, 12, 93, 190, 104, 107, 119, 144, 101, 160, 75, 174, 189, 167, 226, 229, 28, 197, 8, 185, 222, 19, 223, 150, 63, 97, 114, 15, 196, 217, 49, 159, 112, 175, 207, 71, 126, 166, 66, 205, 99, 42, 35, 233, 179, 163, 65, 4, 156, 203, 142, 236, 129, 252, 127, 73, 237, 109, 130, 60, 192, 116, 11, 219, 83, 87, 188, 206, 181, 74, 108, 53, 68, 244, 182, 230, 90, 25, 152, 199, 72, 21, 239, 135, 204, 212, 214, 172, 141, 178, 81, 80, 1, 59, 91]
1 1 Permutation [157, 105, 19, 183, 34, 31, 15, 207, 73, 130, 102, 9, 228, 114, 195, 252, 224, 175, 237, 209, 181, 4, 55, 101, 12, 38, 220, 2, 112, 173, 49, 141, 185, 72, 77, 223, 17, 123, 65, 166, 144, 189, 163, 23, 7, 212, 238, 6, 162, 118, 136, 74, 169, 217, 186, 248, 129, 67, 168, 27, 149, 30, 68, 191, 205, 44, 122, 75, 87, 190, 41, 48, 28, 200, 119, 86, 25, 251, 121, 133, 211, 164, 10, 196, 199, 174, 158, 109, 214, 203, 81, 108, 62, 0, 160, 233, 98, 143, 37, 26, 229, 240, 219, 82, 218, 92, 182, 5, 79, 14, 71, 165, 21, 148, 198, 250, 206, 159, 54, 204, 150, 231, 22, 202, 161, 142, 227, 138, 20, 80, 230, 179, 52, 90, 66, 115, 153, 57, 100, 151, 8, 113, 11, 188, 249, 176, 95, 127, 76, 96, 170, 208, 1, 194, 234, 172, 63, 192, 167, 201, 43, 51, 135, 242, 53, 197, 222, 180, 94, 47, 58, 177, 56, 147, 33, 184, 70, 146, 154, 18, 239, 232, 16, 84, 40, 106, 156, 139, 235, 50, 137, 60, 193, 103, 125, 246, 126, 107, 99, 110, 210, 85, 187, 241, 245, 42, 255, 111, 226, 155, 39, 215, 171, 247, 132, 24, 117, 145, 124, 36, 253, 128, 64, 78, 116, 13, 32, 120, 45, 140, 89, 225, 152, 178, 91, 221, 69, 236, 243, 88, 216, 104, 83, 35, 213, 29, 131, 61, 244, 59, 93, 3, 97, 134, 254, 46]
1 1 Permutation [208, 238, 66, 35, 197, 82, 152, 108, 174, 103, 101, 78, 65, 190, 253, 207, 107, 54, 135, 2, 74, 102, 51, 157, 75, 168, 181, 164, 24, 140, 81, 11, 116, 141, 150, 19, 63, 203, 23, 187, 204, 193, 6, 214, 180, 184, 9, 45, 22, 233, 201, 126, 189, 113, 95, 83, 38, 146, 106, 188, 167, 112, 94, 194, 57, 200, 3, 131, 252, 155, 153, 229, 39, 44, 163, 179, 251, 250, 40, 171, 234, 223, 41, 228, 221, 169, 25, 18, 166, 239, 98, 76, 248, 16, 4, 62, 254, 84, 13, 161, 91, 160, 96, 32, 144, 43, 48, 199, 198, 172, 176, 87, 12, 191, 246, 225, 147, 159, 202, 89, 255, 15, 92, 148, 215, 249, 56, 27, 61, 247, 58, 42, 170, 137, 109, 162, 46, 47, 68, 60, 145, 70, 26, 227, 242, 127, 69, 111, 86, 21, 88, 79, 7, 192, 235, 212, 28, 216, 128, 224, 142, 231, 245, 36, 122, 195, 175, 119, 226, 99, 143, 210, 241, 132, 5, 151, 52, 209, 80, 237, 218, 205, 121, 120, 55, 72, 125, 17, 243, 158, 30, 31, 173, 186, 49, 165, 211, 177, 149, 97, 196, 110, 90, 154, 114, 182, 236, 183, 73, 85, 34, 33, 10, 50, 185, 1, 14, 29, 67, 156, 118, 134, 123, 37, 105, 117, 20, 71, 222, 59, 53, 64, 133, 77, 124, 0, 130, 136, 244, 129, 139, 220, 232, 217, 104, 219, 138, 100, 93, 240, 206, 213, 8, 230, 115, 178]
1 1 Permutation [223, 80, 88, 117, 156, 45, 214, 226, 94, 102, 65, 43, 96, 174, 1, 166, 29, 8, 55, 133, 50, 139, 241, 9, 38, 169, 33, 206, 235, 115, 24, 219, 2, 142, 83, 225, 90, 176, 19, 240, 101, 68, 77, 14, 120, 186, 63, 248, 211, 56, 16, 162, 180, 78, 195, 230, 145, 128, 87, 204, 181, 153, 160, 114, 194, 82, 165, 51, 236, 62, 251, 46, 132, 84, 250, 27, 34, 72, 200, 201, 178, 98, 13, 105, 28, 66, 30, 229, 212, 177, 31, 39, 252, 122, 138, 22, 126, 129, 152, 135, 172, 245, 7, 205, 106, 116, 6, 93, 221, 49, 237, 192, 89, 215, 17, 3, 67, 254, 113, 134, 32, 255, 124, 59, 74, 149, 15, 246, 159, 95, 231, 216, 167, 52, 185, 76, 131, 187, 26, 92, 73, 218, 10, 234, 103, 220, 85, 130, 190, 171, 193, 108, 37, 23, 91, 147, 70, 36, 136, 191, 21, 0, 183, 203, 79, 247, 188, 163, 64, 175, 148, 233, 48, 110, 228, 232, 107, 146, 12, 197, 112, 184, 109, 242, 164, 168, 210, 140, 157, 161, 141, 125, 208, 249, 143, 196, 189, 119, 75, 182, 150, 151, 4, 35, 224, 100, 97, 202, 158, 121, 44, 209, 25, 58, 99, 207, 42, 144, 227, 86, 53, 81, 69, 47, 18, 60, 199, 104, 179, 222, 239, 170, 217, 11, 238, 198, 123, 111, 243, 20, 71, 127, 137, 5, 41, 173, 118, 61, 54, 154, 57, 213, 40, 244, 253, 155]
1 1 Permutation [244, 78, 17, 132, 31, 213, 42, 178, 39, 240, 52, 159, 167, 57, 117, 179, 111, 235, 87, 96, 56, 134, 75, 144, 223, 76, 16, 19, 60, 63, 164, 157, 247, 217, 171, 139, 221, 209, 70, 104, 44, 72, 252, 20, 125, 249, 165, 40, 218, 103, 85, 114, 98, 198, 90, 107, 69, 147, 162, 101, 160, 136, 37, 248, 163, 28, 47, 116, 12, 148, 181, 50, 0, 2, 67, 55, 149, 220, 129, 65, 186, 51, 29, 4, 54, 119, 237, 126, 130, 115, 48, 24, 187, 83, 238, 113, 135, 26, 229, 138, 188, 68, 45, 62, 81, 100, 8, 215, 253, 77, 92, 172, 250, 5, 127, 210, 99, 203, 146, 255, 183, 226, 25, 91, 195, 239, 38, 123, 241, 58, 94, 166, 214, 133, 251, 228, 66, 169, 141, 105, 53, 21, 93, 46, 153, 189, 216, 36, 32, 234, 196, 191, 175, 155, 152, 199, 6, 206, 161, 128, 118, 18, 245, 41, 89, 156, 64, 27, 197, 242, 15, 190, 173, 246, 176, 71, 137, 184, 84, 110, 150, 212, 208, 120, 23, 10, 79, 177, 151, 233, 225, 33, 82, 224, 11, 108, 142, 243, 86, 73, 102, 59, 222, 140, 192, 35, 131, 7, 143, 182, 124, 180, 74, 3, 230, 168, 232, 202, 174, 14, 112, 154, 109, 170, 193, 236, 207, 95, 80, 211, 43, 219, 204, 254, 122, 13, 201, 158, 97, 231, 34, 61, 106, 145, 185, 194, 9, 1, 88, 200, 227, 49, 121, 205, 22, 30]
1 1 Permutation [216, 175, 181, 86, 58, 75, 45, 160, 195, 152, 121, 145, 219, 239, 73, 11, 93, 53, 192, 23, 125, 255, 151, 228, 106, 109, 231, 233, 70, 119, 185, 51, 76, 183, 236, 104, 46, 200, 116, 245, 165, 54, 32, 85, 89, 208, 240, 153, 249, 139, 164, 247, 15, 123, 62, 20, 144, 134, 8, 243, 156, 137, 196, 202, 148, 130, 199, 167, 212, 197, 133, 107, 126, 82, 157, 214, 172, 27, 176, 174, 18, 161, 180, 211, 203, 12, 226, 215, 234, 87, 124, 115, 209, 36, 198, 38, 80, 1, 22, 37, 33, 235, 3, 43, 142, 30, 55, 254, 42, 241, 16, 102, 68, 48, 61, 206, 69, 103, 90, 127, 204, 168, 31, 250, 189, 21, 227, 117, 7, 138, 224, 64, 122, 101, 140, 99, 56, 177, 136, 230, 57, 97, 207, 146, 114, 128, 194, 201, 252, 147, 221, 223, 131, 52, 47, 34, 100, 210, 159, 166, 190, 91, 25, 81, 229, 59, 129, 143, 251, 173, 72, 14, 4, 170, 39, 95, 182, 88, 112, 6, 188, 26, 220, 118, 67, 150, 84, 149, 94, 50, 253, 2, 237, 225, 105, 78, 217, 205, 74, 213, 79, 244, 41, 96, 92, 184, 132, 141, 40, 242, 29, 71, 171, 60, 163, 191, 232, 108, 49, 113, 154, 35, 98, 28, 158, 222, 120, 178, 186, 135, 5, 10, 13, 63, 0, 238, 155, 246, 66, 179, 44, 24, 17, 193, 218, 111, 187, 169, 110, 77, 162, 83, 9, 248, 19, 65]
1 1 Permutation [234, 19, 179, 89, 193, 180, 151, 57, 125, 104, 98, 18, 123, 85, 48, 159, 217, 118, 235, 22, 35, 117, 200, 29, 36, 188, 13, 115, 83, 73, 122, 42, 251, 24, 93, 156, 45, 170, 109, 77, 236, 129, 34, 185, 113, 240, 40, 162, 112, 182, 16, 167, 160, 220, 6, 158, 69, 111, 121, 150, 173, 166, 37, 201, 105, 1, 219, 119, 253, 99, 71, 60, 136, 221, 84, 233, 171, 194, 226, 225, 58, 11, 149, 218, 190, 142, 141, 206, 255, 108, 3, 72, 155, 168, 10, 202, 30, 25, 133, 14, 5, 191, 52, 130, 208, 231, 70, 96, 33, 0, 227, 148, 17, 124, 183, 95, 23, 143, 53, 241, 81, 215, 126, 91, 153, 197, 55, 205, 8, 211, 56, 86, 134, 61, 239, 92, 127, 27, 51, 59, 207, 163, 97, 172, 39, 38, 63, 110, 237, 254, 176, 9, 247, 169, 204, 223, 152, 189, 165, 137, 195, 107, 65, 174, 199, 252, 214, 44, 120, 196, 15, 146, 250, 90, 67, 135, 154, 192, 103, 145, 138, 224, 41, 222, 175, 66, 132, 244, 80, 20, 157, 177, 78, 106, 21, 7, 230, 242, 116, 243, 229, 198, 74, 238, 161, 79, 248, 187, 62, 64, 28, 87, 4, 178, 203, 249, 26, 210, 140, 100, 102, 2, 32, 46, 12, 82, 54, 245, 139, 31, 128, 131, 212, 147, 144, 186, 209, 47, 49, 68, 43, 101, 94, 76, 213, 181, 164, 232, 246, 75, 114, 88, 216, 50, 184, 228]
1 1 Permutation [189, 25, 23, 143, 156, 160, 207, 123, 7, 111, 98, 108, 107, 165, 80, 196, 64, 45, 27, 243, 217, 236, 154, 63, 78, 102, 87, 26, 237, 170, 48, 121, 132, 79, 215, 20, 40, 49, 21, 66, 44, 181, 53, 199, 206, 235, 148, 240, 22, 136, 221, 133, 159, 163, 29, 242, 162, 93, 88, 51, 204, 18, 75, 194, 68, 241, 83, 109, 147, 74, 116, 69, 198, 130, 172, 110, 224, 216, 6, 161, 58, 191, 239, 47, 178, 125, 38, 149, 31, 94, 129, 200, 12, 248, 30, 252, 210, 141, 177, 37, 208, 140, 115, 131, 28, 35, 57, 142, 85, 145, 173, 203, 33, 171, 70, 65, 91, 95, 213, 42, 227, 55, 225, 158, 127, 186, 128, 184, 10, 52, 124, 9, 13, 238, 220, 56, 182, 0, 82, 167, 60, 190, 96, 201, 118, 195, 212, 67, 211, 135, 86, 157, 99, 230, 113, 193, 119, 253, 226, 4, 71, 46, 73, 114, 5, 122, 168, 36, 218, 245, 134, 61, 146, 120, 214, 175, 50, 126, 72, 117, 17, 197, 234, 144, 139, 228, 101, 104, 137, 233, 103, 229, 90, 205, 250, 62, 14, 100, 59, 179, 81, 41, 247, 223, 188, 97, 155, 185, 24, 231, 169, 15, 150, 39, 105, 152, 219, 187, 77, 43, 255, 166, 19, 249, 232, 192, 246, 251, 153, 112, 183, 1, 34, 151, 2, 222, 11, 89, 54, 138, 76, 209, 176, 174, 164, 32, 106, 202, 84, 8, 180, 244, 254, 16, 3, 92]
1 1 Permutation [1, 18, 207, 48, 71, 211, 182, 64, 166, 127, 244, 188, 65, 158, 108, 93, 27, 180, 146, 203, 105, 136, 238, 73, 2, 249, 177, 11, 89, 98, 86, 220, 149, 103, 81, 185, 198, 19, 247, 100, 171, 183, 218, 24, 212, 87, 163, 179, 101, 41, 21, 43, 227, 25, 251, 83, 241, 132, 131, 254, 161, 114, 129, 226, 214, 0, 202, 8, 140, 121, 16, 12, 148, 34, 223, 122, 15, 82, 201, 92, 255, 133, 205, 59, 91, 160, 106, 116, 208, 169, 252, 147, 191, 152, 75, 69, 35, 118, 53, 150, 90, 20, 200, 178, 237, 206, 111, 233, 126, 109, 137, 128, 70, 96, 38, 44, 125, 117, 222, 245, 58, 242, 210, 138, 144, 248, 77, 22, 29, 119, 250, 135, 50, 45, 154, 67, 155, 3, 216, 17, 14, 85, 239, 167, 13, 168, 55, 36, 115, 62, 234, 84, 56, 240, 221, 209, 181, 72, 31, 196, 60, 246, 235, 184, 153, 120, 195, 213, 172, 113, 52, 134, 174, 110, 236, 175, 204, 63, 164, 30, 47, 197, 49, 215, 193, 170, 107, 229, 139, 80, 243, 224, 39, 232, 5, 88, 145, 68, 33, 199, 130, 225, 32, 176, 124, 74, 61, 40, 230, 42, 190, 157, 6, 143, 94, 7, 187, 46, 79, 37, 28, 54, 189, 151, 9, 173, 112, 78, 231, 142, 194, 162, 10, 186, 219, 253, 165, 99, 217, 66, 156, 95, 104, 159, 23, 228, 51, 192, 141, 123, 76, 26, 102, 4, 97, 57]
1 1 Permutation [222, 10, 167, 205, 93, 21, 68, 169, 195, 226, 82, 109, 219, 104, 235, 54, 116, 244, 211, 142, 158, 106, 86, 61, 161, 246, 96, 163, 196, 166, 220, 89, 69, 7, 67, 18, 29, 154, 120, 198, 240, 253, 88, 242, 149, 180, 47, 112, 230, 53, 81, 42, 27, 58, 134, 13, 14, 254, 255, 225, 48, 94, 37, 174, 152, 66, 151, 40, 23, 218, 98, 39, 157, 136, 101, 97, 73, 65, 35, 28, 71, 80, 245, 229, 75, 25, 32, 17, 147, 186, 55, 0, 171, 60, 164, 16, 153, 103, 150, 20, 214, 19, 217, 92, 30, 128, 3, 140, 110, 59, 79, 122, 24, 114, 175, 197, 34, 41, 4, 173, 78, 46, 57, 228, 236, 148, 133, 12, 126, 83, 100, 248, 33, 237, 52, 137, 130, 132, 141, 45, 36, 177, 49, 159, 102, 143, 105, 193, 231, 181, 95, 223, 183, 31, 115, 201, 119, 74, 247, 77, 194, 165, 2, 145, 189, 200, 192, 162, 191, 123, 212, 209, 243, 44, 11, 216, 62, 221, 63, 179, 70, 50, 251, 224, 139, 182, 250, 8, 187, 91, 160, 90, 43, 203, 6, 108, 252, 121, 84, 124, 87, 176, 207, 204, 38, 188, 26, 156, 64, 206, 210, 227, 170, 135, 117, 1, 249, 213, 113, 22, 215, 56, 51, 9, 76, 202, 178, 72, 125, 238, 185, 131, 138, 15, 85, 233, 146, 239, 111, 107, 184, 118, 241, 234, 129, 144, 190, 127, 168, 155, 5, 199, 99, 232, 208, 172]
1 1 Permutation [127, 161, 95, 184, 72, 233, 213, 211, 94, 216, 50, 5, 168, 28, 212, 228, 230, 93, 18, 137, 255, 108, 156, 57, 56, 71, 229, 123, 49, 164, 181, 15, 135, 54, 45, 199, 202, 206, 223, 207, 226, 190, 102, 191, 198, 109, 76, 3, 215, 252, 65, 84, 47, 115, 183, 14, 129, 173, 146, 182, 218, 239, 42, 221, 31, 75, 204, 16, 243, 6, 171, 249, 178, 121, 225, 210, 92, 77, 140, 179, 128, 24, 36, 142, 194, 99, 96, 44, 82, 124, 40, 234, 130, 10, 117, 245, 131, 90, 144, 22, 246, 114, 201, 120, 145, 251, 67, 253, 62, 157, 0, 163, 231, 241, 205, 17, 104, 48, 126, 118, 46, 192, 186, 134, 132, 89, 30, 38, 97, 58, 166, 174, 11, 141, 106, 244, 180, 196, 158, 52, 53, 51, 236, 152, 91, 2, 21, 149, 86, 203, 27, 87, 237, 122, 64, 59, 29, 23, 247, 69, 74, 170, 153, 112, 188, 224, 110, 143, 232, 155, 73, 254, 136, 125, 235, 172, 139, 33, 167, 81, 85, 185, 7, 9, 12, 4, 200, 175, 222, 220, 187, 150, 34, 208, 219, 138, 165, 250, 113, 111, 105, 147, 32, 83, 13, 25, 177, 195, 98, 1, 70, 80, 55, 189, 159, 60, 151, 217, 116, 20, 119, 63, 43, 100, 162, 78, 197, 68, 240, 242, 107, 169, 238, 154, 35, 88, 133, 103, 209, 214, 19, 176, 193, 148, 8, 66, 26, 39, 61, 101, 248, 160, 227, 79, 37, 41]
1 1 Permutation [209, 83, 233, 25, 229, 34, 171, 239, 0, 208, 67, 66, 107, 182, 148, 207, 153, 215, 108, 56, 53, 85, 105, 190, 128, 247, 191, 48, 46, 75, 175, 225, 206, 197, 92, 255, 58, 43, 136, 9, 138, 165, 117, 174, 253, 164, 113, 60, 52, 125, 24, 130, 251, 15, 80, 28, 221, 100, 141, 50, 184, 156, 248, 187, 61, 33, 219, 36, 3, 101, 193, 120, 188, 29, 129, 70, 249, 205, 157, 202, 38, 99, 104, 216, 181, 218, 59, 32, 124, 106, 245, 232, 146, 134, 178, 150, 220, 244, 254, 172, 168, 192, 180, 127, 155, 114, 111, 12, 222, 109, 203, 1, 122, 89, 10, 160, 159, 189, 201, 234, 198, 27, 65, 211, 152, 112, 37, 217, 140, 39, 139, 57, 204, 81, 142, 166, 14, 73, 96, 145, 246, 35, 133, 95, 119, 194, 49, 200, 68, 41, 126, 77, 161, 23, 185, 54, 69, 177, 238, 44, 250, 98, 226, 173, 252, 76, 231, 93, 236, 154, 186, 103, 102, 123, 242, 110, 167, 90, 17, 91, 8, 235, 78, 144, 31, 143, 196, 158, 94, 20, 30, 163, 115, 118, 16, 243, 82, 74, 195, 63, 169, 71, 2, 62, 4, 241, 132, 176, 224, 135, 137, 179, 11, 87, 45, 55, 47, 212, 170, 213, 26, 64, 86, 162, 42, 240, 5, 22, 97, 199, 237, 147, 72, 214, 183, 121, 6, 88, 79, 230, 21, 116, 18, 51, 223, 151, 19, 40, 210, 149, 13, 131, 228, 7, 227, 84]
1 1 Permutation [67, 100, 16, 216, 152, 146, 74, 54, 153, 132, 53, 46, 236, 30, 222, 113, 51, 130, 209, 33, 135, 11, 186, 254, 137, 147, 227, 139, 157, 198, 255, 37, 14, 143, 158, 189, 167, 92, 219, 134, 243, 224, 228, 3, 225, 123, 163, 245, 85, 109, 60, 104, 112, 57, 111, 38, 165, 52, 206, 86, 94, 122, 148, 246, 50, 56, 59, 18, 28, 71, 39, 119, 116, 159, 125, 177, 83, 185, 194, 29, 192, 244, 36, 114, 162, 136, 247, 184, 55, 118, 96, 241, 214, 229, 87, 166, 24, 133, 138, 195, 171, 66, 141, 13, 234, 32, 68, 26, 72, 34, 196, 251, 69, 182, 76, 175, 208, 82, 2, 27, 149, 15, 253, 176, 217, 63, 105, 91, 170, 88, 48, 1, 211, 44, 181, 90, 145, 204, 19, 95, 231, 93, 81, 151, 213, 40, 41, 190, 8, 168, 79, 25, 77, 127, 84, 202, 200, 230, 179, 108, 73, 142, 187, 120, 201, 49, 131, 75, 240, 191, 220, 172, 5, 250, 106, 221, 115, 78, 226, 215, 193, 80, 35, 20, 61, 218, 99, 102, 42, 103, 62, 23, 10, 155, 161, 160, 12, 121, 7, 178, 164, 101, 9, 197, 233, 169, 252, 4, 205, 173, 188, 237, 17, 249, 154, 248, 110, 45, 43, 58, 207, 212, 174, 129, 140, 6, 150, 203, 107, 0, 21, 126, 199, 242, 210, 239, 31, 223, 89, 232, 144, 238, 47, 124, 117, 180, 235, 70, 98, 156, 22, 64, 65, 183, 97, 128]
1 1 Permutation [168, 99, 57, 247, 190, 110, 17, 137, 92, 32, 22, 100, 21, 116, 191, 52, 71, 114, 59, 96, 129, 53, 207, 193, 12, 164, 166, 182, 194, 253, 69, 210, 209, 120, 78, 144, 65, 25, 219, 81, 88, 244, 231, 154, 213, 249, 146, 139, 42, 35, 243, 101, 180, 51, 64, 77, 30, 232, 187, 97, 222, 234, 228, 135, 145, 136, 203, 230, 130, 44, 149, 165, 225, 36, 66, 98, 5, 0, 188, 112, 198, 162, 121, 61, 67, 252, 238, 60, 49, 83, 148, 155, 74, 72, 214, 126, 31, 172, 14, 54, 20, 62, 153, 8, 26, 18, 142, 2, 111, 179, 3, 43, 115, 70, 104, 215, 94, 76, 123, 202, 192, 46, 152, 251, 221, 150, 158, 240, 218, 106, 39, 173, 151, 119, 79, 254, 183, 107, 184, 237, 108, 128, 68, 185, 56, 189, 9, 248, 236, 4, 127, 55, 176, 178, 143, 167, 205, 140, 19, 181, 159, 33, 161, 27, 171, 16, 239, 86, 87, 117, 201, 29, 160, 105, 95, 246, 157, 208, 125, 170, 141, 90, 174, 220, 235, 224, 245, 34, 131, 206, 48, 255, 175, 73, 93, 197, 24, 211, 82, 195, 102, 133, 85, 84, 23, 186, 47, 241, 132, 75, 156, 216, 1, 40, 200, 223, 80, 226, 11, 113, 41, 163, 229, 15, 177, 204, 124, 10, 138, 50, 58, 6, 103, 250, 122, 89, 233, 63, 13, 212, 118, 242, 38, 227, 147, 169, 109, 7, 37, 91, 45, 134, 217, 28, 199, 196]
1 1 Permutation [46, 229, 166, 160, 62, 76, 74, 247, 165, 68, 174, 47, 190, 71, 105, 152, 22, 53, 3, 207, 115, 254, 14, 28, 97, 58, 156, 217, 94, 9, 141, 40, 136, 158, 114, 132, 16, 19, 108, 129, 215, 145, 87, 89, 72, 43, 233, 154, 185, 107, 250, 172, 116, 143, 133, 226, 228, 8, 137, 21, 167, 70, 170, 176, 235, 219, 38, 67, 173, 61, 248, 196, 10, 84, 20, 175, 183, 239, 138, 161, 44, 51, 216, 59, 193, 195, 169, 177, 110, 0, 221, 171, 7, 178, 49, 75, 99, 225, 201, 218, 120, 55, 187, 42, 237, 34, 118, 119, 147, 37, 236, 179, 131, 130, 57, 242, 212, 23, 33, 208, 224, 220, 4, 191, 113, 102, 50, 54, 162, 186, 60, 66, 48, 181, 164, 251, 83, 17, 112, 149, 100, 27, 139, 243, 194, 128, 255, 12, 77, 52, 210, 98, 252, 121, 13, 188, 246, 240, 151, 168, 231, 230, 209, 24, 197, 198, 148, 157, 29, 202, 82, 32, 80, 104, 125, 211, 18, 214, 64, 142, 6, 155, 11, 36, 238, 35, 92, 249, 244, 5, 111, 65, 135, 25, 204, 95, 124, 227, 91, 184, 93, 106, 90, 203, 153, 123, 245, 81, 223, 189, 31, 192, 15, 109, 1, 213, 88, 30, 163, 144, 146, 85, 63, 126, 234, 134, 180, 140, 39, 205, 41, 200, 241, 159, 79, 253, 2, 117, 103, 78, 86, 56, 96, 222, 45, 206, 232, 150, 101, 73, 26, 69, 122, 127, 199, 182]
1 1 Permutation [187, 115, 13, 7, 133, 66, 164, 44, 170, 204, 237, 232, 14, 220, 90, 87, 94, 245, 198, 65, 76, 165, 227, 125, 27, 123, 176, 10, 26, 195, 42, 206, 177, 182, 73, 113, 143, 185, 2, 183, 212, 93, 190, 111, 39, 197, 163, 219, 149, 179, 11, 64, 32, 199, 58, 216, 109, 138, 158, 222, 0, 201, 107, 102, 129, 23, 172, 49, 84, 224, 105, 230, 211, 153, 228, 255, 210, 217, 25, 215, 67, 156, 69, 62, 55, 218, 193, 56, 171, 40, 151, 3, 118, 189, 6, 234, 37, 188, 137, 36, 72, 213, 31, 16, 116, 126, 247, 174, 112, 17, 243, 147, 110, 28, 161, 54, 24, 100, 18, 205, 160, 152, 225, 88, 144, 106, 209, 122, 159, 130, 45, 29, 139, 136, 41, 146, 61, 203, 108, 19, 9, 214, 181, 71, 81, 178, 59, 68, 202, 80, 77, 63, 124, 30, 173, 114, 99, 229, 157, 231, 167, 240, 239, 242, 148, 250, 186, 33, 38, 235, 70, 20, 5, 249, 98, 194, 89, 226, 96, 86, 21, 168, 207, 141, 155, 75, 184, 8, 74, 251, 132, 246, 154, 162, 60, 192, 166, 12, 15, 180, 52, 47, 238, 120, 236, 104, 253, 101, 254, 117, 57, 1, 85, 91, 142, 92, 35, 248, 221, 83, 208, 196, 145, 175, 50, 135, 119, 169, 95, 78, 244, 46, 252, 121, 131, 34, 223, 82, 48, 134, 53, 4, 140, 103, 191, 233, 128, 241, 127, 200, 97, 150, 43, 51, 79, 22]
1 1 Permutation [82, 95, 212, 111, 166, 233, 185, 108, 173, 144, 243, 135, 195, 112, 176, 93, 15, 244, 214, 222, 149, 121, 208, 223, 234, 11, 32, 77, 31, 225, 61, 104, 97, 219, 206, 164, 27, 153, 58, 142, 28, 10, 162, 229, 175, 136, 239, 157, 115, 35, 184, 59, 119, 103, 6, 251, 193, 55, 215, 122, 182, 246, 196, 139, 252, 118, 49, 0, 51, 114, 48, 116, 141, 63, 12, 217, 194, 5, 66, 134, 241, 156, 170, 204, 123, 45, 131, 84, 137, 88, 132, 177, 75, 80, 68, 26, 221, 167, 73, 18, 230, 47, 238, 220, 9, 102, 62, 216, 16, 94, 201, 226, 232, 140, 143, 245, 40, 198, 249, 124, 70, 54, 211, 188, 161, 186, 57, 150, 38, 71, 191, 65, 50, 92, 101, 146, 89, 155, 25, 79, 129, 120, 159, 210, 209, 151, 52, 13, 190, 127, 253, 174, 169, 187, 21, 81, 98, 3, 250, 179, 178, 172, 30, 22, 203, 218, 237, 133, 231, 85, 43, 20, 86, 19, 165, 254, 199, 105, 205, 207, 44, 4, 235, 189, 148, 64, 1, 53, 255, 24, 99, 42, 145, 168, 181, 7, 106, 33, 163, 213, 83, 87, 128, 248, 158, 130, 2, 60, 14, 236, 109, 37, 110, 100, 69, 240, 74, 76, 67, 152, 91, 29, 107, 8, 117, 227, 183, 41, 125, 154, 192, 34, 90, 147, 160, 180, 224, 247, 96, 200, 46, 202, 78, 36, 242, 23, 228, 138, 113, 72, 171, 17, 126, 197, 56, 39]
1 1 Permutation [170, 145, 58, 182, 35, 222, 133, 168, 74, 0, 2, 57, 241, 244, 89, 202, 11, 210, 157, 105, 65, 29, 230, 174, 94, 6, 132, 124, 5, 82, 104, 220, 247, 76, 101, 21, 219, 4, 22, 188, 84, 81, 80, 208, 54, 128, 216, 151, 25, 1, 246, 106, 91, 66, 203, 52, 150, 149, 59, 69, 158, 248, 143, 126, 96, 31, 44, 155, 201, 176, 15, 61, 88, 110, 41, 200, 245, 8, 26, 135, 117, 75, 16, 42, 115, 160, 55, 122, 152, 97, 232, 48, 73, 50, 197, 125, 49, 198, 136, 196, 190, 51, 214, 192, 37, 147, 103, 235, 9, 56, 229, 195, 129, 64, 165, 207, 234, 179, 212, 211, 67, 10, 206, 243, 172, 123, 239, 175, 20, 62, 166, 163, 233, 18, 119, 215, 223, 113, 205, 71, 138, 99, 139, 40, 224, 100, 70, 130, 83, 63, 148, 86, 45, 183, 140, 34, 213, 180, 226, 95, 28, 221, 227, 242, 72, 131, 13, 17, 164, 32, 114, 146, 189, 27, 161, 46, 111, 204, 78, 181, 19, 209, 121, 68, 240, 23, 39, 137, 7, 186, 217, 134, 79, 120, 93, 187, 159, 173, 107, 43, 127, 90, 228, 33, 236, 169, 109, 178, 77, 156, 144, 118, 87, 177, 142, 184, 112, 116, 251, 108, 60, 218, 30, 252, 12, 53, 24, 153, 141, 98, 237, 92, 171, 167, 47, 14, 225, 193, 194, 249, 162, 254, 250, 102, 3, 85, 199, 191, 154, 238, 36, 38, 185, 231, 255, 253]
1 1 Permutation [142, 102, 151, 137, 62, 35, 11, 228, 209, 91, 131, 189, 99, 14, 179, 177, 172, 125, 26, 81, 25, 77, 17, 148, 162, 239, 170, 143, 124, 45, 31, 118, 72, 89, 47, 178, 226, 18, 216, 235, 171, 237, 5, 207, 67, 219, 98, 27, 129, 243, 24, 82, 236, 57, 245, 230, 205, 30, 88, 48, 154, 159, 96, 165, 145, 43, 52, 50, 29, 8, 241, 130, 190, 127, 49, 114, 1, 222, 9, 174, 215, 7, 196, 244, 53, 126, 86, 221, 105, 100, 107, 32, 121, 231, 208, 61, 140, 79, 251, 157, 134, 110, 55, 108, 44, 68, 39, 3, 83, 38, 51, 15, 167, 203, 175, 111, 183, 109, 197, 106, 59, 22, 187, 122, 158, 212, 139, 204, 194, 60, 56, 115, 220, 247, 234, 240, 34, 152, 36, 70, 214, 120, 254, 156, 202, 138, 33, 169, 210, 182, 223, 20, 160, 87, 232, 246, 12, 141, 71, 191, 13, 6, 123, 227, 218, 250, 113, 10, 132, 195, 249, 64, 252, 201, 176, 46, 85, 136, 163, 185, 248, 155, 161, 54, 23, 119, 135, 69, 76, 93, 206, 200, 112, 65, 104, 146, 94, 213, 63, 58, 0, 117, 233, 211, 225, 90, 242, 255, 238, 193, 181, 73, 229, 101, 41, 199, 84, 188, 37, 173, 75, 16, 184, 150, 97, 147, 74, 2, 78, 168, 149, 128, 192, 224, 19, 40, 166, 92, 95, 4, 144, 80, 66, 42, 153, 103, 186, 180, 133, 116, 28, 198, 164, 217, 253, 21]
1 1 Permutation [121, 253, 236, 67, 2, 169, 254, 211, 180, 96, 119, 209, 127, 118, 32, 50, 141, 35, 43, 132, 62, 193, 167, 100, 156, 148, 99, 210, 205, 142, 25, 70, 203, 46, 15, 172, 89, 232, 64, 63, 36, 157, 166, 105, 244, 102, 81, 255, 91, 219, 115, 187, 245, 5, 231, 40, 218, 12, 206, 85, 120, 60, 76, 3, 78, 217, 162, 52, 82, 30, 6, 241, 177, 88, 123, 179, 109, 111, 158, 51, 229, 84, 77, 204, 55, 151, 41, 97, 176, 59, 20, 26, 250, 153, 49, 101, 201, 128, 149, 71, 68, 196, 113, 114, 129, 152, 29, 160, 159, 31, 47, 188, 252, 117, 19, 191, 170, 104, 69, 237, 150, 133, 9, 98, 103, 45, 182, 94, 53, 227, 208, 27, 197, 34, 57, 222, 122, 221, 131, 108, 39, 213, 13, 18, 215, 92, 140, 243, 181, 79, 246, 110, 23, 37, 173, 186, 42, 242, 214, 163, 0, 4, 87, 200, 33, 189, 147, 1, 198, 168, 155, 136, 73, 86, 7, 235, 251, 192, 10, 185, 175, 184, 22, 249, 80, 223, 93, 130, 124, 233, 248, 207, 230, 107, 65, 143, 216, 116, 228, 126, 226, 17, 164, 174, 212, 28, 202, 56, 178, 54, 194, 199, 48, 58, 112, 135, 154, 220, 44, 72, 238, 195, 11, 95, 190, 234, 240, 139, 225, 24, 247, 83, 183, 61, 134, 161, 38, 90, 224, 66, 8, 145, 74, 14, 75, 144, 138, 21, 239, 106, 165, 137, 125, 146, 16, 171]
1 1 Permutation [241, 199, 17, 119, 120, 240, 118, 102, 49, 239, 84, 233, 12, 111, 72, 66, 106, 80, 3, 151, 121, 165, 208, 156, 40, 68, 201, 222, 5, 113, 20, 18, 204, 67, 21, 32, 189, 252, 135, 115, 73, 58, 213, 218, 155, 186, 169, 153, 249, 141, 124, 185, 104, 48, 232, 69, 107, 103, 220, 85, 176, 2, 216, 112, 166, 26, 129, 162, 200, 254, 217, 127, 255, 94, 148, 174, 27, 117, 187, 202, 77, 146, 91, 43, 196, 172, 93, 30, 209, 37, 147, 64, 39, 243, 56, 253, 237, 35, 51, 74, 98, 24, 198, 126, 150, 41, 79, 236, 228, 70, 55, 99, 195, 71, 191, 10, 134, 203, 57, 164, 75, 168, 105, 132, 46, 194, 130, 92, 133, 246, 207, 9, 238, 230, 193, 47, 96, 182, 15, 31, 251, 163, 221, 44, 157, 16, 97, 215, 86, 110, 14, 180, 160, 171, 33, 29, 229, 108, 83, 152, 158, 144, 184, 211, 206, 95, 78, 114, 11, 34, 45, 210, 231, 131, 61, 28, 223, 214, 81, 173, 138, 13, 247, 53, 205, 54, 8, 101, 170, 100, 137, 62, 225, 38, 177, 226, 125, 167, 82, 60, 23, 145, 234, 154, 22, 244, 197, 192, 19, 142, 161, 149, 52, 36, 181, 179, 122, 1, 109, 242, 178, 224, 116, 248, 88, 140, 4, 143, 212, 123, 128, 87, 63, 7, 42, 219, 250, 59, 227, 175, 136, 183, 139, 6, 190, 159, 25, 235, 90, 76, 50, 245, 188, 89, 65, 0]
1 1 Permutation [212, 200, 250, 42, 11, 89, 233, 141, 179, 93, 145, 193, 104, 192, 52, 58, 96, 16, 133, 12, 112, 103, 162, 18, 1, 28, 53, 45, 228, 205, 60, 68, 219, 54, 109, 15, 33, 215, 34, 125, 50, 239, 77, 116, 147, 149, 10, 76, 69, 122, 175, 173, 167, 118, 164, 238, 63, 51, 72, 223, 172, 242, 234, 209, 253, 57, 246, 23, 144, 255, 99, 196, 61, 80, 48, 140, 236, 225, 26, 22, 55, 159, 129, 106, 163, 171, 158, 216, 241, 153, 177, 83, 32, 180, 127, 154, 19, 148, 152, 4, 161, 41, 49, 203, 194, 137, 142, 199, 111, 249, 90, 5, 88, 66, 166, 182, 201, 227, 128, 95, 165, 8, 218, 207, 245, 244, 59, 135, 226, 197, 79, 91, 139, 136, 98, 46, 36, 71, 120, 176, 70, 138, 37, 232, 64, 85, 74, 124, 254, 3, 105, 168, 102, 160, 247, 157, 31, 143, 187, 75, 210, 100, 213, 84, 87, 191, 169, 9, 178, 134, 146, 202, 186, 13, 2, 155, 81, 86, 231, 6, 47, 220, 82, 73, 35, 44, 24, 38, 189, 222, 17, 78, 211, 56, 123, 14, 181, 190, 92, 20, 224, 40, 248, 198, 101, 27, 29, 151, 243, 30, 206, 150, 229, 237, 156, 65, 252, 115, 174, 94, 185, 214, 126, 204, 119, 235, 240, 107, 62, 39, 132, 97, 230, 7, 113, 110, 170, 130, 208, 43, 217, 184, 221, 108, 25, 121, 114, 67, 117, 183, 195, 0, 251, 188, 131, 21]
1 1 Permutation [50, 240, 210, 109, 6, 147, 116, 219, 152, 202, 13, 197, 157, 79, 115, 55, 128, 171, 37, 133, 2, 205, 227, 39, 7, 101, 185, 191, 190, 38, 30, 68, 243, 156, 32, 145, 242, 33, 86, 183, 214, 220, 184, 215, 189, 107, 245, 41, 34, 114, 238, 18, 81, 44, 125, 14, 142, 117, 97, 163, 199, 10, 28, 165, 226, 122, 194, 8, 60, 169, 192, 105, 26, 234, 130, 207, 188, 91, 153, 180, 119, 201, 59, 96, 102, 161, 200, 244, 250, 5, 139, 172, 31, 162, 211, 57, 208, 239, 118, 25, 36, 11, 154, 23, 255, 84, 112, 237, 174, 98, 95, 167, 43, 213, 47, 206, 225, 233, 230, 108, 232, 135, 51, 212, 136, 22, 222, 46, 42, 67, 70, 80, 127, 16, 17, 78, 182, 85, 159, 231, 216, 193, 87, 164, 106, 187, 92, 99, 218, 0, 235, 54, 158, 94, 223, 65, 203, 56, 251, 229, 151, 63, 120, 228, 177, 29, 149, 3, 89, 74, 15, 12, 148, 27, 61, 77, 179, 1, 113, 75, 247, 186, 224, 69, 150, 181, 71, 52, 131, 198, 121, 73, 93, 19, 160, 144, 254, 196, 72, 129, 110, 111, 64, 100, 138, 123, 24, 49, 178, 132, 20, 217, 166, 248, 146, 104, 82, 21, 246, 88, 76, 252, 45, 241, 4, 48, 175, 134, 249, 35, 58, 143, 221, 103, 236, 176, 141, 253, 173, 155, 53, 124, 204, 66, 170, 9, 137, 83, 62, 195, 90, 168, 140, 126, 40, 209]
1 1 Permutation [61, 23, 248, 56, 244, 12, 97, 98, 5, 222, 28, 37, 152, 19, 158, 88, 112, 251, 74, 209, 218, 240, 239, 36, 226, 150, 249, 47, 18, 144, 125, 55, 229, 162, 166, 114, 171, 67, 139, 60, 238, 99, 220, 194, 191, 241, 230, 159, 107, 204, 130, 252, 124, 15, 45, 53, 27, 35, 224, 153, 119, 21, 72, 120, 86, 190, 117, 146, 219, 4, 176, 89, 179, 33, 231, 59, 147, 104, 187, 198, 14, 151, 137, 62, 68, 54, 235, 177, 10, 1, 168, 44, 123, 197, 118, 116, 233, 91, 49, 236, 102, 221, 78, 41, 17, 225, 92, 105, 145, 140, 70, 165, 196, 43, 155, 26, 245, 210, 24, 3, 138, 83, 186, 57, 100, 227, 13, 164, 126, 90, 149, 189, 211, 64, 7, 134, 215, 160, 34, 110, 85, 113, 132, 8, 40, 247, 228, 206, 58, 108, 246, 169, 154, 51, 142, 172, 50, 73, 81, 80, 77, 143, 96, 20, 29, 71, 76, 95, 106, 31, 237, 163, 254, 48, 46, 16, 148, 216, 170, 203, 42, 214, 141, 52, 205, 22, 111, 167, 128, 200, 103, 69, 101, 212, 217, 161, 25, 115, 242, 173, 65, 232, 75, 174, 32, 178, 38, 180, 129, 63, 183, 127, 87, 39, 234, 223, 182, 175, 250, 82, 136, 201, 66, 202, 30, 253, 135, 6, 157, 133, 208, 184, 193, 156, 79, 207, 213, 188, 243, 131, 11, 84, 2, 0, 109, 195, 93, 181, 192, 122, 121, 199, 9, 255, 185, 94]
1 1 Permutation [86, 194, 59, 225, 190, 64, 131, 223, 143, 129, 21, 102, 193, 35, 164, 201, 31, 103, 189, 183, 82, 90, 216, 212, 84, 249, 179, 254, 80, 140, 158, 44, 206, 228, 38, 29, 182, 71, 217, 6, 237, 226, 96, 128, 204, 76, 105, 100, 12, 14, 205, 63, 243, 252, 241, 144, 138, 33, 171, 220, 53, 28, 167, 24, 68, 36, 104, 231, 17, 106, 26, 156, 98, 227, 219, 155, 236, 111, 48, 39, 148, 165, 121, 22, 108, 119, 142, 67, 50, 78, 74, 69, 186, 159, 232, 248, 162, 215, 147, 250, 188, 134, 175, 234, 113, 247, 118, 70, 160, 178, 146, 177, 120, 130, 255, 11, 180, 45, 208, 8, 25, 176, 7, 5, 23, 51, 230, 150, 210, 166, 61, 77, 88, 2, 41, 40, 246, 18, 124, 83, 133, 145, 66, 229, 3, 109, 123, 191, 239, 55, 172, 94, 233, 46, 13, 32, 153, 60, 136, 85, 218, 87, 238, 224, 112, 115, 149, 99, 19, 20, 9, 181, 154, 245, 65, 151, 214, 242, 251, 161, 95, 101, 57, 170, 49, 240, 173, 47, 195, 116, 117, 244, 42, 207, 93, 52, 127, 54, 196, 114, 4, 126, 125, 221, 122, 163, 110, 141, 30, 73, 15, 213, 43, 37, 139, 132, 209, 97, 222, 0, 58, 10, 92, 199, 34, 197, 137, 174, 62, 168, 200, 89, 56, 27, 135, 107, 235, 79, 203, 72, 1, 184, 192, 187, 211, 152, 16, 91, 75, 169, 157, 253, 185, 202, 81, 198]
1 1 Permutation [240, 45, 239, 106, 252, 132, 142, 119, 216, 191, 97, 144, 253, 53, 169, 112, 36, 218, 200, 250, 47, 224, 221, 195, 31, 12, 30, 206, 61, 136, 213, 25, 118, 156, 62, 5, 226, 103, 254, 187, 15, 78, 73, 6, 255, 123, 34, 38, 51, 18, 59, 164, 9, 104, 209, 168, 182, 197, 43, 89, 98, 186, 19, 107, 81, 188, 215, 13, 35, 17, 147, 203, 56, 87, 210, 231, 131, 126, 170, 82, 72, 33, 99, 91, 85, 44, 155, 175, 184, 159, 102, 124, 42, 139, 180, 54, 163, 227, 234, 207, 140, 241, 166, 208, 128, 178, 171, 37, 113, 2, 174, 211, 204, 69, 154, 135, 172, 39, 223, 20, 63, 101, 90, 233, 237, 26, 70, 236, 134, 141, 230, 115, 95, 94, 55, 29, 60, 248, 40, 219, 183, 57, 146, 160, 242, 79, 21, 84, 244, 76, 88, 153, 64, 28, 116, 165, 71, 243, 93, 229, 201, 238, 202, 150, 52, 3, 194, 205, 161, 177, 143, 212, 235, 190, 1, 193, 249, 67, 41, 110, 152, 16, 7, 176, 225, 179, 65, 138, 129, 251, 189, 117, 111, 49, 228, 125, 246, 68, 220, 232, 173, 66, 75, 48, 4, 58, 108, 137, 245, 22, 162, 185, 14, 148, 167, 27, 80, 145, 122, 120, 121, 23, 10, 86, 222, 11, 77, 158, 83, 127, 46, 8, 181, 196, 0, 214, 198, 96, 100, 149, 247, 133, 50, 157, 32, 151, 105, 217, 74, 114, 24, 109, 199, 192, 92, 130]
1 1 Permutation [120, 117, 23, 112, 209, 135, 197, 178, 216, 7, 119, 225, 154, 156, 55, 217, 246, 93, 61, 254, 95, 179, 181, 86, 187, 54, 9, 3, 73, 150, 173, 149, 98, 16, 192, 171, 1, 191, 141, 65, 25, 50, 87, 248, 145, 108, 170, 172, 204, 153, 236, 44, 37, 57, 11, 78, 238, 52, 243, 144, 155, 134, 242, 249, 206, 129, 91, 121, 71, 22, 84, 38, 45, 43, 17, 131, 124, 255, 193, 221, 103, 30, 184, 72, 12, 195, 158, 32, 168, 143, 114, 200, 230, 63, 19, 60, 76, 33, 31, 66, 241, 127, 188, 218, 105, 51, 90, 118, 80, 177, 18, 5, 83, 46, 116, 182, 202, 148, 74, 239, 8, 237, 205, 41, 234, 229, 164, 224, 130, 123, 235, 92, 210, 232, 151, 201, 251, 125, 115, 35, 122, 252, 113, 102, 13, 96, 165, 77, 166, 109, 190, 14, 180, 233, 136, 240, 104, 147, 10, 244, 94, 194, 79, 245, 28, 48, 159, 0, 49, 157, 106, 186, 169, 211, 174, 110, 214, 26, 128, 226, 62, 64, 20, 183, 250, 29, 207, 163, 75, 146, 97, 56, 2, 21, 34, 53, 223, 99, 6, 167, 213, 203, 219, 42, 152, 231, 107, 140, 4, 24, 101, 15, 142, 89, 220, 126, 85, 253, 198, 68, 222, 132, 212, 176, 161, 228, 111, 133, 185, 162, 40, 67, 137, 58, 189, 88, 227, 139, 59, 100, 47, 82, 81, 36, 199, 215, 69, 27, 196, 247, 70, 175, 138, 208, 160, 39]
1 1 Permutation [7, 194, 163, 191, 204, 180, 26, 25, 107, 232, 81, 98, 72, 192, 195, 140, 111, 63, 34, 152, 175, 31, 101, 80, 45, 240, 181, 44, 212, 87, 223, 86, 84, 237, 95, 97, 177, 142, 16, 244, 40, 17, 108, 120, 159, 129, 242, 230, 88, 118, 41, 52, 138, 252, 225, 155, 157, 130, 24, 8, 243, 4, 234, 161, 109, 182, 178, 183, 123, 199, 154, 53, 117, 104, 198, 2, 218, 253, 6, 3, 61, 5, 167, 185, 83, 215, 112, 75, 57, 147, 102, 229, 116, 174, 143, 210, 30, 221, 62, 105, 99, 92, 239, 82, 222, 114, 254, 214, 119, 250, 121, 235, 236, 153, 141, 188, 186, 46, 233, 23, 146, 136, 22, 37, 58, 64, 156, 36, 78, 39, 176, 29, 68, 134, 144, 166, 35, 251, 227, 151, 173, 59, 219, 93, 148, 47, 43, 247, 196, 228, 170, 21, 54, 60, 12, 217, 208, 206, 42, 73, 162, 74, 71, 18, 184, 145, 187, 48, 28, 200, 125, 249, 51, 50, 209, 246, 171, 189, 113, 76, 122, 190, 216, 220, 1, 33, 255, 79, 38, 100, 115, 158, 160, 20, 15, 231, 69, 238, 106, 90, 9, 19, 10, 203, 213, 205, 131, 241, 14, 179, 89, 49, 226, 77, 66, 197, 135, 110, 172, 96, 94, 70, 201, 202, 169, 248, 91, 193, 32, 137, 207, 133, 168, 139, 128, 165, 67, 149, 103, 0, 126, 55, 56, 65, 127, 124, 211, 150, 132, 224, 27, 85, 245, 13, 164, 11]
<built-in function round> <built-in function iter> Permutation [47, 1, 34, 18, 74, 146, 185, 238, 89, 73, 100, 79, 77, 145, 111, 179, 136, 129, 66, 39, 142, 210, 214, 235, 119, 172, 236, 158, 38, 251, 191, 41, 55, 159, 108, 131, 40, 109, 31, 195, 203, 201, 244, 75, 15, 186, 33, 42, 61, 249, 2, 189, 78, 182, 20, 112, 188, 160, 114, 62, 3, 209, 254, 127, 92, 216, 194, 202, 22, 156, 148, 163, 218, 105, 230, 199, 140, 130, 248, 168, 104, 97, 206, 215, 170, 14, 110, 166, 115, 5, 56, 247, 85, 118, 16, 122, 30, 217, 107, 102, 126, 143, 125, 26, 121, 219, 82, 21, 134, 49, 135, 27, 57, 137, 68, 161, 65, 144, 50, 88, 176, 164, 151, 87, 54, 90, 165, 60, 207, 197, 36, 133, 162, 6, 11, 51, 69, 200, 4, 253, 180, 205, 198, 221, 154, 241, 250, 84, 190, 233, 71, 67, 46, 58, 157, 229, 28, 138, 220, 10, 7, 72, 227, 83, 93, 94, 103, 45, 81, 99, 23, 181, 171, 113, 184, 116, 222, 91, 252, 149, 117, 80, 128, 243, 139, 232, 231, 0, 32, 175, 17, 234, 246, 59, 204, 237, 211, 106, 12, 226, 169, 123, 255, 53, 155, 9, 187, 98, 174, 183, 44, 196, 177, 25, 101, 192, 152, 63, 225, 64, 86, 95, 52, 173, 124, 35, 120, 212, 150, 224, 242, 19, 24, 141, 70, 245, 239, 29, 178, 13, 8, 132, 193, 167, 223, 228, 147, 76, 48, 213, 96, 43, 37, 153, 240, 208]
1 1 Permutation [198, 248, 94, 73, 155, 185, 159, 254, 252, 186, 245, 151, 241, 49, 75, 39, 105, 43, 211, 204, 216, 103, 132, 190, 202, 253, 62, 234, 111, 85, 138, 37, 168, 116, 222, 179, 117, 30, 123, 65, 95, 64, 163, 118, 77, 35, 98, 55, 161, 97, 139, 51, 189, 193, 176, 68, 230, 236, 160, 108, 70, 5, 218, 113, 251, 231, 57, 17, 121, 237, 197, 56, 61, 24, 129, 101, 63, 124, 246, 25, 21, 153, 195, 104, 9, 167, 27, 207, 145, 194, 142, 15, 174, 244, 212, 150, 225, 135, 84, 136, 34, 141, 127, 72, 208, 221, 99, 20, 196, 46, 44, 120, 114, 60, 238, 182, 42, 3, 106, 126, 215, 206, 192, 175, 14, 184, 112, 164, 188, 220, 187, 41, 125, 10, 87, 74, 47, 177, 158, 81, 171, 83, 210, 223, 157, 91, 214, 219, 71, 89, 115, 13, 110, 242, 40, 178, 149, 233, 6, 67, 23, 201, 140, 66, 36, 152, 78, 181, 0, 240, 69, 226, 7, 53, 203, 180, 107, 11, 29, 1, 16, 250, 88, 4, 102, 50, 22, 137, 239, 172, 59, 8, 232, 80, 58, 213, 19, 249, 243, 128, 166, 92, 147, 154, 162, 209, 247, 119, 227, 12, 183, 54, 228, 217, 86, 165, 28, 48, 122, 229, 52, 156, 109, 33, 143, 130, 170, 148, 100, 26, 18, 235, 131, 79, 173, 133, 199, 93, 82, 205, 200, 191, 76, 96, 2, 45, 31, 90, 134, 255, 146, 38, 32, 144, 224, 169]
<built-in function round> <built-in function iter> Permutation [124, 193, 106, 170, 208, 204, 104, 203, 22, 133, 239, 60, 191, 99, 245, 215, 221, 14, 153, 194, 166, 147, 187, 103, 177, 26, 95, 253, 214, 163, 138, 98, 25, 16, 184, 180, 78, 247, 196, 205, 251, 244, 178, 179, 29, 113, 70, 54, 224, 152, 90, 31, 96, 218, 27, 94, 173, 216, 59, 217, 255, 137, 161, 136, 30, 117, 131, 44, 83, 79, 5, 199, 32, 13, 235, 0, 197, 55, 171, 19, 234, 242, 156, 112, 154, 158, 219, 149, 37, 12, 248, 132, 209, 63, 176, 73, 151, 227, 109, 62, 223, 141, 105, 52, 4, 114, 1, 240, 101, 93, 64, 53, 155, 148, 192, 42, 233, 207, 183, 51, 102, 130, 140, 125, 72, 92, 111, 77, 74, 139, 34, 165, 33, 168, 116, 3, 222, 142, 159, 185, 67, 210, 15, 135, 121, 61, 36, 7, 246, 189, 57, 252, 88, 43, 89, 69, 82, 129, 85, 237, 119, 211, 172, 76, 40, 49, 35, 100, 68, 220, 188, 212, 81, 48, 241, 146, 39, 6, 123, 97, 11, 182, 143, 71, 9, 65, 46, 181, 213, 120, 47, 162, 107, 118, 230, 28, 8, 175, 84, 21, 160, 128, 75, 66, 201, 249, 108, 243, 229, 200, 150, 144, 134, 190, 145, 231, 56, 254, 164, 122, 250, 195, 157, 38, 110, 126, 50, 236, 174, 18, 2, 206, 226, 232, 87, 127, 186, 228, 24, 167, 17, 23, 20, 86, 202, 91, 10, 80, 225, 58, 198, 41, 45, 115, 169, 238]
<built-in function round> <built-in function iter> Permutation [177, 73, 58, 38, 182, 48, 144, 216, 158, 30, 198, 50, 20, 138, 119, 183, 43, 248, 167, 102, 222, 204, 56, 154, 212, 10, 227, 233, 45, 239, 57, 59, 205, 55, 149, 18, 162, 26, 123, 8, 157, 208, 192, 52, 207, 74, 16, 155, 15, 126, 92, 178, 234, 13, 5, 193, 64, 9, 219, 12, 254, 32, 82, 104, 109, 75, 247, 211, 140, 151, 96, 14, 179, 132, 122, 37, 110, 231, 187, 131, 85, 35, 159, 70, 47, 97, 145, 34, 188, 114, 99, 24, 63, 236, 137, 106, 17, 65, 95, 71, 115, 79, 94, 130, 128, 66, 125, 105, 195, 81, 160, 76, 118, 213, 199, 152, 54, 142, 242, 133, 230, 250, 4, 181, 253, 121, 244, 173, 223, 72, 3, 180, 224, 40, 93, 25, 139, 210, 175, 135, 196, 245, 11, 80, 166, 68, 116, 89, 31, 206, 61, 156, 136, 107, 251, 111, 77, 221, 83, 78, 103, 120, 153, 220, 86, 169, 22, 171, 39, 246, 19, 200, 249, 41, 100, 217, 134, 127, 243, 98, 176, 226, 90, 1, 161, 44, 150, 87, 62, 240, 209, 0, 60, 197, 49, 46, 228, 225, 88, 191, 163, 7, 168, 23, 186, 189, 51, 238, 148, 84, 201, 174, 33, 53, 108, 164, 170, 172, 214, 190, 42, 124, 69, 27, 237, 2, 241, 112, 147, 165, 252, 143, 129, 146, 101, 185, 255, 229, 203, 117, 218, 6, 235, 215, 91, 232, 184, 28, 202, 67, 21, 29, 36, 141, 113, 194]
<built-in function round> <built-in function iter> Permutation [151, 104, 101, 120, 133, 242, 119, 22, 34, 124, 67, 64, 214, 175, 216, 49, 144, 186, 62, 163, 55, 181, 198, 0, 89, 116, 47, 211, 178, 203, 103, 37, 241, 230, 222, 115, 74, 33, 9, 52, 246, 7, 57, 159, 167, 169, 59, 72, 229, 140, 179, 111, 6, 139, 234, 209, 44, 40, 192, 171, 81, 77, 189, 86, 155, 237, 157, 8, 125, 223, 164, 134, 96, 187, 82, 190, 208, 28, 126, 129, 165, 48, 10, 85, 27, 68, 99, 218, 100, 15, 5, 183, 79, 168, 43, 217, 215, 150, 87, 251, 149, 226, 173, 113, 21, 121, 233, 51, 195, 94, 117, 29, 41, 180, 19, 61, 109, 58, 177, 182, 76, 127, 123, 148, 143, 219, 205, 244, 18, 136, 131, 70, 247, 145, 107, 227, 141, 3, 71, 231, 210, 56, 78, 11, 196, 137, 4, 197, 194, 142, 188, 108, 98, 248, 60, 250, 161, 254, 172, 69, 193, 92, 24, 253, 252, 201, 249, 135, 73, 32, 174, 232, 26, 162, 36, 35, 46, 146, 239, 255, 105, 65, 153, 90, 13, 132, 66, 170, 228, 238, 236, 25, 199, 220, 23, 225, 200, 128, 240, 102, 20, 154, 130, 212, 112, 114, 30, 45, 17, 156, 84, 93, 191, 207, 14, 31, 83, 53, 63, 95, 206, 88, 54, 118, 16, 221, 97, 160, 147, 106, 202, 185, 235, 38, 75, 110, 176, 224, 39, 91, 1, 12, 2, 42, 213, 166, 158, 152, 50, 204, 184, 243, 245, 138, 122, 80]
1 1 ROL 1
1 1 ROL 1
1 1 ROL 1
1 1 ROL 1
1 1 ROL 1
1 1 ROL 1
1 1 ROL 1
1 1 ROL 1
1 1 ROL 1
1 1 ROL 1
1 1 ROL 1
